16;[16, 450];[16, 1365];[16, 2939];*
22;[16, 450];[16, 1365];[16, 2939];*
27;[16, 450];[16, 1365];[16, 2939];*
35;[16, 450];[16, 1365];[16, 2939];*
37;[16, 450];[16, 1365];[16, 2939];*
66;[16, 450];[16, 1365];[16, 2939];*
69;[16, 450];[16, 1365];[16, 2939];*
72;[16, 450];[16, 1365];[16, 2939];*
82;[16, 450];[16, 1365];[16, 2939];*
84;[16, 450];[16, 1365];[16, 2939];*
86;[16, 450];[16, 1365];[16, 2939];*
88;[16, 450];[16, 1365];[16, 2939];*
93;[16, 450];[16, 1365];[16, 2939];*
102;[16, 450];[16, 1365];[16, 2939];*
104;[16, 450];[16, 1365];[16, 2939];*
105;[16, 450];[16, 1365];[16, 2939];*
106;[16, 450];[16, 1365];[16, 2939];*
118;[16, 450];[16, 1365];[16, 2939];*
119;[16, 450];[16, 1365];[16, 2939];*
120;[16, 450];[16, 1365];[16, 2939];*
121;[16, 450];[16, 1365];[16, 2939];*
125;[16, 450];[16, 1365];[16, 2939];*
126;[16, 450];[16, 1365];[16, 2939];*
130;[16, 450];[16, 1365];[16, 2939];*
134;[16, 450];[16, 1365];[16, 2939];*
135;[16, 450];[16, 1365];[16, 2939];*
137;[16, 450];[16, 1365];[16, 2939];*
141;[16, 450];[16, 1365];[16, 2939];*
144;[16, 450];[16, 1365];[16, 2939];*
150;[16, 450];[16, 1365];[16, 2939];*
152;[16, 450];[16, 1365];[16, 2939];*
154;[16, 450];[16, 1365];[16, 2939];*
158;[16, 450];[16, 1365];[16, 2939];*
160;[16, 450];[16, 1365];[16, 2939];*
161;[16, 450];[16, 1365];[16, 2939];*
162;[16, 450];[16, 1365];[16, 2939];*
164;[16, 450];[16, 1365];[16, 2939];*
165;[16, 450];[16, 1365];[16, 2939];*
166;[16, 450];[16, 1365];[16, 2939];*
169;[16, 450];[16, 1365];[16, 2939];*
172;[16, 450];[16, 1365];[16, 2939];*
174;[16, 450];[16, 1365];[16, 2939];*
177;[16, 450];[16, 1365];[16, 2939];*
179;[16, 450];[16, 1365];[16, 2939];*
180;[16, 450];[16, 1365];[16, 2939];*
186;[16, 450];[16, 1365];[16, 2939];*
187;[16, 450];[16, 1365];[16, 2939];*
191;[16, 450];[16, 1365];[16, 2939];*
193;[16, 450];[16, 1365];[16, 2939];*
194;[16, 450];[16, 1365];[16, 2939];*
195;[16, 450];[16, 1365];[16, 2939];*
196;[16, 450];[16, 1365];[16, 2939];*
199;[16, 450];[16, 1365];[16, 2939];*
202;[16, 450];[16, 1365];[16, 2939];*
206;[16, 450];[16, 1365];[16, 2939];*
210;[16, 450];[16, 1365];[16, 2939];*
219;[16, 450];[16, 1365];[16, 2939];*
222;[16, 450];[16, 1365];[16, 2939];*
227;[16, 450];[16, 1365];[16, 2939];*
228;[16, 450];[16, 1365];[16, 2939];*
233;[16, 450];[16, 1365];[16, 2939];*
234;[16, 450];[16, 1365];[16, 2939];*
236;[16, 450];[16, 1365];[16, 2939];*
237;[16, 450];[16, 1365];[16, 2939];*
239;[16, 450];[16, 1365];[16, 2939];*
240;[16, 450];[16, 1365];[16, 2939];*
241;[16, 450];[16, 1365];[16, 2939];*
244;[16, 450];[16, 1365];[16, 2939];*
247;[16, 450];[16, 1365];[16, 2939];*
253;[16, 450];[16, 1365];[16, 2939];*
260;[16, 450];[16, 1365];[16, 2939];*
263;[16, 450];[16, 1365];[16, 2939];*
264;[16, 450];[16, 1365];[16, 2939];*
266;[16, 450];[16, 1365];[16, 2939];*
267;[16, 450];[16, 1365];[16, 2939];*
269;[16, 450];[16, 1365];[16, 2939];*
273;[16, 450];[16, 1365];[16, 2939];*
275;[16, 450];[16, 1365];[16, 2939];*
276;[16, 450];[16, 1365];[16, 2939];*
278;[16, 450];[16, 1365];[16, 2939];*
282;[16, 450];[16, 1365];[16, 2939];*
284;[16, 450];[16, 1365];[16, 2939];*
285;[16, 450];[16, 1365];[16, 2939];*
286;[16, 450];[16, 1365];[16, 2939];*
288;[16, 450];[16, 1365];[16, 2939];*
289;[16, 450];[16, 1365];[16, 2939];*
290;[16, 450];[16, 1365];[16, 2939];*
292;[16, 450];[16, 1365];[16, 2939];*
293;[16, 450];[16, 1365];[16, 2939];*
300;[16, 450];[16, 1365];[16, 2939];*
308;[16, 450];[16, 1365];[16, 2939];*
314;[16, 450];[16, 1365];[16, 2939];*
325;[16, 450];[16, 1365];[16, 2939];*
331;[16, 450];[16, 1365];[16, 2939];*
334;[16, 450];[16, 1365];[16, 2939];*
335;[16, 450];[16, 1365];[16, 2939];*
337;[16, 450];[16, 1365];[16, 2939];*
338;[16, 450];[16, 1365];[16, 2939];*
339;[16, 450];[16, 1365];[16, 2939];*
341;[16, 450];[16, 1365];[16, 2939];*
343;[16, 450];[16, 1365];[16, 2939];*
346;[16, 450];[16, 1365];[16, 2939];*
349;[16, 450];[16, 1365];[16, 2939];*
350;[16, 450];[16, 1365];[16, 2939];*
353;[16, 450];[16, 1365];[16, 2939];*
354;[16, 450];[16, 1365];[16, 2939];*
355;[16, 450];[16, 1365];[16, 2939];*
358;[16, 450];[16, 1365];[16, 2939];*
363;[16, 450];[16, 1365];[16, 2939];*
364;[16, 450];[16, 1365];[16, 2939];*
365;[16, 450];[16, 1365];[16, 2939];*
375;[16, 450];[16, 1365];[16, 2939];*
376;[16, 450];[16, 1365];[16, 2939];*
377;[16, 450];[16, 1365];[16, 2939];*
378;[16, 450];[16, 1365];[16, 2939];*
380;[16, 450];[16, 1365];[16, 2939];*
381;[16, 450];[16, 1365];[16, 2939];*
382;[16, 450];[16, 1365];[16, 2939];*
383;[16, 450];[16, 1365];[16, 2939];*
387;[16, 450];[16, 1365];[16, 2939];*
390;[16, 450];[16, 1365];[16, 2939];*
393;[16, 450];[16, 1365];[16, 2939];*
395;[16, 450];[16, 1365];[16, 2939];*
397;[16, 450];[16, 1365];[16, 2939];*
398;[16, 450];[16, 1365];[16, 2939];*
399;[16, 450];[16, 1365];[16, 2939];*
400;[16, 450];[16, 1365];[16, 2939];*
401;[16, 450];[16, 1365];[16, 2939];*
402;[16, 450];[16, 1365];[16, 2939];*
405;[16, 450];[16, 1365];[16, 2939];*
406;[16, 450];[16, 1365];[16, 2939];*
409;[16, 450];[16, 1365];[16, 2939];*
410;[16, 450];[16, 1365];[16, 2939];*
411;[16, 450];[16, 1365];[16, 2939];*
412;[16, 450];[16, 1365];[16, 2939];*
414;[16, 450];[16, 1365];[16, 2939];*
418;[16, 450];[16, 1365];[16, 2939];*
421;[16, 450];[16, 1365];[16, 2939];*
422;[16, 450];[16, 1365];[16, 2939];*
426;[16, 450];[16, 1365];[16, 2939];*
427;[16, 450];[16, 1365];[16, 2939];*
429;[16, 450];[16, 1365];[16, 2939];*
431;[16, 450];[16, 1365];[16, 2939];*
436;[16, 450];[16, 1365];[16, 2939];*
439;[16, 450];[16, 1365];[16, 2939];*
442;[16, 450];[16, 1365];[16, 2939];*
443;[16, 450];[16, 1365];[16, 2939];*
444;[16, 450];[16, 1365];[16, 2939];*
447;[16, 450];[16, 1365];[16, 2939];*
448;[16, 450];[16, 1365];[16, 2939];*
449;[16, 450];[16, 1365];[16, 2939];*
450;[16, 450];[16, 1365];[16, 2939];*
451;[451, 788];[16, 1365];[16, 2939];*
454;[451, 788];[16, 1365];[16, 2939];*
455;[451, 788];[16, 1365];[16, 2939];*
456;[451, 788];[16, 1365];[16, 2939];*
460;[451, 788];[16, 1365];[16, 2939];*
462;[451, 788];[16, 1365];[16, 2939];*
463;[451, 788];[16, 1365];[16, 2939];*
464;[451, 788];[16, 1365];[16, 2939];*
466;[451, 788];[16, 1365];[16, 2939];*
474;[451, 788];[16, 1365];[16, 2939];*
475;[451, 788];[16, 1365];[16, 2939];*
476;[451, 788];[16, 1365];[16, 2939];*
478;[451, 788];[16, 1365];[16, 2939];*
479;[451, 788];[16, 1365];[16, 2939];*
480;[451, 788];[16, 1365];[16, 2939];*
482;[451, 788];[16, 1365];[16, 2939];*
483;[451, 788];[16, 1365];[16, 2939];*
486;[451, 788];[16, 1365];[16, 2939];*
487;[451, 788];[16, 1365];[16, 2939];*
488;[451, 788];[16, 1365];[16, 2939];*
489;[451, 788];[16, 1365];[16, 2939];*
493;[451, 788];[16, 1365];[16, 2939];*
496;[451, 788];[16, 1365];[16, 2939];*
497;[451, 788];[16, 1365];[16, 2939];*
499;[451, 788];[16, 1365];[16, 2939];*
503;[451, 788];[16, 1365];[16, 2939];*
504;[451, 788];[16, 1365];[16, 2939];*
508;[451, 788];[16, 1365];[16, 2939];*
509;[451, 788];[16, 1365];[16, 2939];*
510;[451, 788];[16, 1365];[16, 2939];*
513;[451, 788];[16, 1365];[16, 2939];*
515;[451, 788];[16, 1365];[16, 2939];*
517;[451, 788];[16, 1365];[16, 2939];*
520;[451, 788];[16, 1365];[16, 2939];*
521;[451, 788];[16, 1365];[16, 2939];*
522;[451, 788];[16, 1365];[16, 2939];*
523;[451, 788];[16, 1365];[16, 2939];*
525;[451, 788];[16, 1365];[16, 2939];*
526;[451, 788];[16, 1365];[16, 2939];*
532;[451, 788];[16, 1365];[16, 2939];*
533;[451, 788];[16, 1365];[16, 2939];*
534;[451, 788];[16, 1365];[16, 2939];*
538;[451, 788];[16, 1365];[16, 2939];*
540;[451, 788];[16, 1365];[16, 2939];*
542;[451, 788];[16, 1365];[16, 2939];*
543;[451, 788];[16, 1365];[16, 2939];*
544;[451, 788];[16, 1365];[16, 2939];*
551;[451, 788];[16, 1365];[16, 2939];*
552;[451, 788];[16, 1365];[16, 2939];*
553;[451, 788];[16, 1365];[16, 2939];*
554;[451, 788];[16, 1365];[16, 2939];*
556;[451, 788];[16, 1365];[16, 2939];*
561;[451, 788];[16, 1365];[16, 2939];*
565;[451, 788];[16, 1365];[16, 2939];*
566;[451, 788];[16, 1365];[16, 2939];*
569;[451, 788];[16, 1365];[16, 2939];*
570;[451, 788];[16, 1365];[16, 2939];*
571;[451, 788];[16, 1365];[16, 2939];*
573;[451, 788];[16, 1365];[16, 2939];*
576;[451, 788];[16, 1365];[16, 2939];*
577;[451, 788];[16, 1365];[16, 2939];*
581;[451, 788];[16, 1365];[16, 2939];*
582;[451, 788];[16, 1365];[16, 2939];*
586;[451, 788];[16, 1365];[16, 2939];*
588;[451, 788];[16, 1365];[16, 2939];*
593;[451, 788];[16, 1365];[16, 2939];*
594;[451, 788];[16, 1365];[16, 2939];*
599;[451, 788];[16, 1365];[16, 2939];*
601;[451, 788];[16, 1365];[16, 2939];*
603;[451, 788];[16, 1365];[16, 2939];*
604;[451, 788];[16, 1365];[16, 2939];*
606;[451, 788];[16, 1365];[16, 2939];*
608;[451, 788];[16, 1365];[16, 2939];*
611;[451, 788];[16, 1365];[16, 2939];*
614;[451, 788];[16, 1365];[16, 2939];*
617;[451, 788];[16, 1365];[16, 2939];*
619;[451, 788];[16, 1365];[16, 2939];*
626;[451, 788];[16, 1365];[16, 2939];*
630;[451, 788];[16, 1365];[16, 2939];*
631;[451, 788];[16, 1365];[16, 2939];*
632;[451, 788];[16, 1365];[16, 2939];*
635;[451, 788];[16, 1365];[16, 2939];*
636;[451, 788];[16, 1365];[16, 2939];*
638;[451, 788];[16, 1365];[16, 2939];*
642;[451, 788];[16, 1365];[16, 2939];*
644;[451, 788];[16, 1365];[16, 2939];*
647;[451, 788];[16, 1365];[16, 2939];*
648;[451, 788];[16, 1365];[16, 2939];*
649;[451, 788];[16, 1365];[16, 2939];*
652;[451, 788];[16, 1365];[16, 2939];*
653;[451, 788];[16, 1365];[16, 2939];*
656;[451, 788];[16, 1365];[16, 2939];*
657;[451, 788];[16, 1365];[16, 2939];*
658;[451, 788];[16, 1365];[16, 2939];*
659;[451, 788];[16, 1365];[16, 2939];*
660;[451, 788];[16, 1365];[16, 2939];*
665;[451, 788];[16, 1365];[16, 2939];*
666;[451, 788];[16, 1365];[16, 2939];*
667;[451, 788];[16, 1365];[16, 2939];*
668;[451, 788];[16, 1365];[16, 2939];*
671;[451, 788];[16, 1365];[16, 2939];*
672;[451, 788];[16, 1365];[16, 2939];*
677;[451, 788];[16, 1365];[16, 2939];*
685;[451, 788];[16, 1365];[16, 2939];*
689;[451, 788];[16, 1365];[16, 2939];*
692;[451, 788];[16, 1365];[16, 2939];*
695;[451, 788];[16, 1365];[16, 2939];*
700;[451, 788];[16, 1365];[16, 2939];*
703;[451, 788];[16, 1365];[16, 2939];*
705;[451, 788];[16, 1365];[16, 2939];*
707;[451, 788];[16, 1365];[16, 2939];*
709;[451, 788];[16, 1365];[16, 2939];*
712;[451, 788];[16, 1365];[16, 2939];*
714;[451, 788];[16, 1365];[16, 2939];*
715;[451, 788];[16, 1365];[16, 2939];*
716;[451, 788];[16, 1365];[16, 2939];*
718;[451, 788];[16, 1365];[16, 2939];*
719;[451, 788];[16, 1365];[16, 2939];*
721;[451, 788];[16, 1365];[16, 2939];*
723;[451, 788];[16, 1365];[16, 2939];*
725;[451, 788];[16, 1365];[16, 2939];*
727;[451, 788];[16, 1365];[16, 2939];*
728;[451, 788];[16, 1365];[16, 2939];*
729;[451, 788];[16, 1365];[16, 2939];*
732;[451, 788];[16, 1365];[16, 2939];*
733;[451, 788];[16, 1365];[16, 2939];*
734;[451, 788];[16, 1365];[16, 2939];*
738;[451, 788];[16, 1365];[16, 2939];*
739;[451, 788];[16, 1365];[16, 2939];*
744;[451, 788];[16, 1365];[16, 2939];*
745;[451, 788];[16, 1365];[16, 2939];*
748;[451, 788];[16, 1365];[16, 2939];*
751;[451, 788];[16, 1365];[16, 2939];*
752;[451, 788];[16, 1365];[16, 2939];*
753;[451, 788];[16, 1365];[16, 2939];*
754;[451, 788];[16, 1365];[16, 2939];*
755;[451, 788];[16, 1365];[16, 2939];*
757;[451, 788];[16, 1365];[16, 2939];*
759;[451, 788];[16, 1365];[16, 2939];*
760;[451, 788];[16, 1365];[16, 2939];*
762;[451, 788];[16, 1365];[16, 2939];*
763;[451, 788];[16, 1365];[16, 2939];*
765;[451, 788];[16, 1365];[16, 2939];*
766;[451, 788];[16, 1365];[16, 2939];*
768;[451, 788];[16, 1365];[16, 2939];*
773;[451, 788];[16, 1365];[16, 2939];*
775;[451, 788];[16, 1365];[16, 2939];*
777;[451, 788];[16, 1365];[16, 2939];*
779;[451, 788];[16, 1365];[16, 2939];*
782;[451, 788];[16, 1365];[16, 2939];*
784;[451, 788];[16, 1365];[16, 2939];*
788;[451, 788];[16, 1365];[16, 2939];*
789;[789, 1083];[16, 1365];[16, 2939];*
790;[789, 1083];[16, 1365];[16, 2939];*
791;[789, 1083];[16, 1365];[16, 2939];*
792;[789, 1083];[16, 1365];[16, 2939];*
793;[789, 1083];[16, 1365];[16, 2939];*
794;[789, 1083];[16, 1365];[16, 2939];*
796;[789, 1083];[16, 1365];[16, 2939];*
797;[789, 1083];[16, 1365];[16, 2939];*
798;[789, 1083];[16, 1365];[16, 2939];*
802;[789, 1083];[16, 1365];[16, 2939];*
803;[789, 1083];[16, 1365];[16, 2939];*
807;[789, 1083];[16, 1365];[16, 2939];*
808;[789, 1083];[16, 1365];[16, 2939];*
812;[789, 1083];[16, 1365];[16, 2939];*
816;[789, 1083];[16, 1365];[16, 2939];*
817;[789, 1083];[16, 1365];[16, 2939];*
821;[789, 1083];[16, 1365];[16, 2939];*
822;[789, 1083];[16, 1365];[16, 2939];*
823;[789, 1083];[16, 1365];[16, 2939];*
827;[789, 1083];[16, 1365];[16, 2939];*
828;[789, 1083];[16, 1365];[16, 2939];*
829;[789, 1083];[16, 1365];[16, 2939];*
830;[789, 1083];[16, 1365];[16, 2939];*
832;[789, 1083];[16, 1365];[16, 2939];*
834;[789, 1083];[16, 1365];[16, 2939];*
835;[789, 1083];[16, 1365];[16, 2939];*
836;[789, 1083];[16, 1365];[16, 2939];*
839;[789, 1083];[16, 1365];[16, 2939];*
843;[789, 1083];[16, 1365];[16, 2939];*
844;[789, 1083];[16, 1365];[16, 2939];*
845;[789, 1083];[16, 1365];[16, 2939];*
846;[789, 1083];[16, 1365];[16, 2939];*
849;[789, 1083];[16, 1365];[16, 2939];*
851;[789, 1083];[16, 1365];[16, 2939];*
852;[789, 1083];[16, 1365];[16, 2939];*
857;[789, 1083];[16, 1365];[16, 2939];*
858;[789, 1083];[16, 1365];[16, 2939];*
859;[789, 1083];[16, 1365];[16, 2939];*
860;[789, 1083];[16, 1365];[16, 2939];*
862;[789, 1083];[16, 1365];[16, 2939];*
863;[789, 1083];[16, 1365];[16, 2939];*
872;[789, 1083];[16, 1365];[16, 2939];*
874;[789, 1083];[16, 1365];[16, 2939];*
877;[789, 1083];[16, 1365];[16, 2939];*
879;[789, 1083];[16, 1365];[16, 2939];*
882;[789, 1083];[16, 1365];[16, 2939];*
883;[789, 1083];[16, 1365];[16, 2939];*
885;[789, 1083];[16, 1365];[16, 2939];*
888;[789, 1083];[16, 1365];[16, 2939];*
889;[789, 1083];[16, 1365];[16, 2939];*
891;[789, 1083];[16, 1365];[16, 2939];*
892;[789, 1083];[16, 1365];[16, 2939];*
893;[789, 1083];[16, 1365];[16, 2939];*
895;[789, 1083];[16, 1365];[16, 2939];*
896;[789, 1083];[16, 1365];[16, 2939];*
904;[789, 1083];[16, 1365];[16, 2939];*
905;[789, 1083];[16, 1365];[16, 2939];*
907;[789, 1083];[16, 1365];[16, 2939];*
908;[789, 1083];[16, 1365];[16, 2939];*
910;[789, 1083];[16, 1365];[16, 2939];*
911;[789, 1083];[16, 1365];[16, 2939];*
912;[789, 1083];[16, 1365];[16, 2939];*
913;[789, 1083];[16, 1365];[16, 2939];*
916;[789, 1083];[16, 1365];[16, 2939];*
917;[789, 1083];[16, 1365];[16, 2939];*
918;[789, 1083];[16, 1365];[16, 2939];*
919;[789, 1083];[16, 1365];[16, 2939];*
921;[789, 1083];[16, 1365];[16, 2939];*
922;[789, 1083];[16, 1365];[16, 2939];*
924;[789, 1083];[16, 1365];[16, 2939];*
925;[789, 1083];[16, 1365];[16, 2939];*
926;[789, 1083];[16, 1365];[16, 2939];*
927;[789, 1083];[16, 1365];[16, 2939];*
929;[789, 1083];[16, 1365];[16, 2939];*
931;[789, 1083];[16, 1365];[16, 2939];*
936;[789, 1083];[16, 1365];[16, 2939];*
937;[789, 1083];[16, 1365];[16, 2939];*
938;[789, 1083];[16, 1365];[16, 2939];*
941;[789, 1083];[16, 1365];[16, 2939];*
944;[789, 1083];[16, 1365];[16, 2939];*
946;[789, 1083];[16, 1365];[16, 2939];*
948;[789, 1083];[16, 1365];[16, 2939];*
949;[789, 1083];[16, 1365];[16, 2939];*
950;[789, 1083];[16, 1365];[16, 2939];*
954;[789, 1083];[16, 1365];[16, 2939];*
955;[789, 1083];[16, 1365];[16, 2939];*
956;[789, 1083];[16, 1365];[16, 2939];*
957;[789, 1083];[16, 1365];[16, 2939];*
962;[789, 1083];[16, 1365];[16, 2939];*
963;[789, 1083];[16, 1365];[16, 2939];*
964;[789, 1083];[16, 1365];[16, 2939];*
966;[789, 1083];[16, 1365];[16, 2939];*
967;[789, 1083];[16, 1365];[16, 2939];*
969;[789, 1083];[16, 1365];[16, 2939];*
970;[789, 1083];[16, 1365];[16, 2939];*
972;[789, 1083];[16, 1365];[16, 2939];*
975;[789, 1083];[16, 1365];[16, 2939];*
978;[789, 1083];[16, 1365];[16, 2939];*
981;[789, 1083];[16, 1365];[16, 2939];*
982;[789, 1083];[16, 1365];[16, 2939];*
983;[789, 1083];[16, 1365];[16, 2939];*
986;[789, 1083];[16, 1365];[16, 2939];*
988;[789, 1083];[16, 1365];[16, 2939];*
989;[789, 1083];[16, 1365];[16, 2939];*
994;[789, 1083];[16, 1365];[16, 2939];*
996;[789, 1083];[16, 1365];[16, 2939];*
998;[789, 1083];[16, 1365];[16, 2939];*
999;[789, 1083];[16, 1365];[16, 2939];*
1000;[789, 1083];[16, 1365];[16, 2939];*
1001;[789, 1083];[16, 1365];[16, 2939];*
1003;[789, 1083];[16, 1365];[16, 2939];*
1005;[789, 1083];[16, 1365];[16, 2939];*
1006;[789, 1083];[16, 1365];[16, 2939];*
1007;[789, 1083];[16, 1365];[16, 2939];*
1008;[789, 1083];[16, 1365];[16, 2939];*
1010;[789, 1083];[16, 1365];[16, 2939];*
1012;[789, 1083];[16, 1365];[16, 2939];*
1013;[789, 1083];[16, 1365];[16, 2939];*
1014;[789, 1083];[16, 1365];[16, 2939];*
1015;[789, 1083];[16, 1365];[16, 2939];*
1016;[789, 1083];[16, 1365];[16, 2939];*
1018;[789, 1083];[16, 1365];[16, 2939];*
1019;[789, 1083];[16, 1365];[16, 2939];*
1020;[789, 1083];[16, 1365];[16, 2939];*
1023;[789, 1083];[16, 1365];[16, 2939];*
1024;[789, 1083];[16, 1365];[16, 2939];*
1026;[789, 1083];[16, 1365];[16, 2939];*
1029;[789, 1083];[16, 1365];[16, 2939];*
1032;[789, 1083];[16, 1365];[16, 2939];*
1033;[789, 1083];[16, 1365];[16, 2939];*
1036;[789, 1083];[16, 1365];[16, 2939];*
1037;[789, 1083];[16, 1365];[16, 2939];*
1038;[789, 1083];[16, 1365];[16, 2939];*
1043;[789, 1083];[16, 1365];[16, 2939];*
1044;[789, 1083];[16, 1365];[16, 2939];*
1046;[789, 1083];[16, 1365];[16, 2939];*
1049;[789, 1083];[16, 1365];[16, 2939];*
1050;[789, 1083];[16, 1365];[16, 2939];*
1051;[789, 1083];[16, 1365];[16, 2939];*
1052;[789, 1083];[16, 1365];[16, 2939];*
1055;[789, 1083];[16, 1365];[16, 2939];*
1057;[789, 1083];[16, 1365];[16, 2939];*
1059;[789, 1083];[16, 1365];[16, 2939];*
1061;[789, 1083];[16, 1365];[16, 2939];*
1063;[789, 1083];[16, 1365];[16, 2939];*
1067;[789, 1083];[16, 1365];[16, 2939];*
1070;[789, 1083];[16, 1365];[16, 2939];*
1072;[789, 1083];[16, 1365];[16, 2939];*
1075;[789, 1083];[16, 1365];[16, 2939];*
1078;[789, 1083];[16, 1365];[16, 2939];*
1080;[789, 1083];[16, 1365];[16, 2939];*
1083;[789, 1083];[16, 1365];[16, 2939];*
1085;[1085, 1365];[16, 1365];[16, 2939];*
1086;[1085, 1365];[16, 1365];[16, 2939];*
1087;[1085, 1365];[16, 1365];[16, 2939];*
1088;[1085, 1365];[16, 1365];[16, 2939];*
1091;[1085, 1365];[16, 1365];[16, 2939];*
1092;[1085, 1365];[16, 1365];[16, 2939];*
1093;[1085, 1365];[16, 1365];[16, 2939];*
1099;[1085, 1365];[16, 1365];[16, 2939];*
1101;[1085, 1365];[16, 1365];[16, 2939];*
1102;[1085, 1365];[16, 1365];[16, 2939];*
1104;[1085, 1365];[16, 1365];[16, 2939];*
1105;[1085, 1365];[16, 1365];[16, 2939];*
1106;[1085, 1365];[16, 1365];[16, 2939];*
1108;[1085, 1365];[16, 1365];[16, 2939];*
1109;[1085, 1365];[16, 1365];[16, 2939];*
1114;[1085, 1365];[16, 1365];[16, 2939];*
1115;[1085, 1365];[16, 1365];[16, 2939];*
1117;[1085, 1365];[16, 1365];[16, 2939];*
1118;[1085, 1365];[16, 1365];[16, 2939];*
1120;[1085, 1365];[16, 1365];[16, 2939];*
1121;[1085, 1365];[16, 1365];[16, 2939];*
1123;[1085, 1365];[16, 1365];[16, 2939];*
1125;[1085, 1365];[16, 1365];[16, 2939];*
1127;[1085, 1365];[16, 1365];[16, 2939];*
1128;[1085, 1365];[16, 1365];[16, 2939];*
1129;[1085, 1365];[16, 1365];[16, 2939];*
1130;[1085, 1365];[16, 1365];[16, 2939];*
1133;[1085, 1365];[16, 1365];[16, 2939];*
1134;[1085, 1365];[16, 1365];[16, 2939];*
1135;[1085, 1365];[16, 1365];[16, 2939];*
1136;[1085, 1365];[16, 1365];[16, 2939];*
1137;[1085, 1365];[16, 1365];[16, 2939];*
1139;[1085, 1365];[16, 1365];[16, 2939];*
1140;[1085, 1365];[16, 1365];[16, 2939];*
1141;[1085, 1365];[16, 1365];[16, 2939];*
1142;[1085, 1365];[16, 1365];[16, 2939];*
1145;[1085, 1365];[16, 1365];[16, 2939];*
1146;[1085, 1365];[16, 1365];[16, 2939];*
1148;[1085, 1365];[16, 1365];[16, 2939];*
1149;[1085, 1365];[16, 1365];[16, 2939];*
1157;[1085, 1365];[16, 1365];[16, 2939];*
1158;[1085, 1365];[16, 1365];[16, 2939];*
1160;[1085, 1365];[16, 1365];[16, 2939];*
1170;[1085, 1365];[16, 1365];[16, 2939];*
1172;[1085, 1365];[16, 1365];[16, 2939];*
1179;[1085, 1365];[16, 1365];[16, 2939];*
1180;[1085, 1365];[16, 1365];[16, 2939];*
1181;[1085, 1365];[16, 1365];[16, 2939];*
1182;[1085, 1365];[16, 1365];[16, 2939];*
1185;[1085, 1365];[16, 1365];[16, 2939];*
1186;[1085, 1365];[16, 1365];[16, 2939];*
1187;[1085, 1365];[16, 1365];[16, 2939];*
1188;[1085, 1365];[16, 1365];[16, 2939];*
1189;[1085, 1365];[16, 1365];[16, 2939];*
1194;[1085, 1365];[16, 1365];[16, 2939];*
1195;[1085, 1365];[16, 1365];[16, 2939];*
1196;[1085, 1365];[16, 1365];[16, 2939];*
1197;[1085, 1365];[16, 1365];[16, 2939];*
1199;[1085, 1365];[16, 1365];[16, 2939];*
1204;[1085, 1365];[16, 1365];[16, 2939];*
1205;[1085, 1365];[16, 1365];[16, 2939];*
1206;[1085, 1365];[16, 1365];[16, 2939];*
1207;[1085, 1365];[16, 1365];[16, 2939];*
1210;[1085, 1365];[16, 1365];[16, 2939];*
1211;[1085, 1365];[16, 1365];[16, 2939];*
1212;[1085, 1365];[16, 1365];[16, 2939];*
1213;[1085, 1365];[16, 1365];[16, 2939];*
1214;[1085, 1365];[16, 1365];[16, 2939];*
1215;[1085, 1365];[16, 1365];[16, 2939];*
1217;[1085, 1365];[16, 1365];[16, 2939];*
1218;[1085, 1365];[16, 1365];[16, 2939];*
1219;[1085, 1365];[16, 1365];[16, 2939];*
1222;[1085, 1365];[16, 1365];[16, 2939];*
1224;[1085, 1365];[16, 1365];[16, 2939];*
1225;[1085, 1365];[16, 1365];[16, 2939];*
1227;[1085, 1365];[16, 1365];[16, 2939];*
1231;[1085, 1365];[16, 1365];[16, 2939];*
1233;[1085, 1365];[16, 1365];[16, 2939];*
1235;[1085, 1365];[16, 1365];[16, 2939];*
1236;[1085, 1365];[16, 1365];[16, 2939];*
1239;[1085, 1365];[16, 1365];[16, 2939];*
1240;[1085, 1365];[16, 1365];[16, 2939];*
1241;[1085, 1365];[16, 1365];[16, 2939];*
1242;[1085, 1365];[16, 1365];[16, 2939];*
1244;[1085, 1365];[16, 1365];[16, 2939];*
1246;[1085, 1365];[16, 1365];[16, 2939];*
1247;[1085, 1365];[16, 1365];[16, 2939];*
1248;[1085, 1365];[16, 1365];[16, 2939];*
1250;[1085, 1365];[16, 1365];[16, 2939];*
1251;[1085, 1365];[16, 1365];[16, 2939];*
1252;[1085, 1365];[16, 1365];[16, 2939];*
1253;[1085, 1365];[16, 1365];[16, 2939];*
1254;[1085, 1365];[16, 1365];[16, 2939];*
1255;[1085, 1365];[16, 1365];[16, 2939];*
1256;[1085, 1365];[16, 1365];[16, 2939];*
1259;[1085, 1365];[16, 1365];[16, 2939];*
1260;[1085, 1365];[16, 1365];[16, 2939];*
1262;[1085, 1365];[16, 1365];[16, 2939];*
1263;[1085, 1365];[16, 1365];[16, 2939];*
1265;[1085, 1365];[16, 1365];[16, 2939];*
1267;[1085, 1365];[16, 1365];[16, 2939];*
1268;[1085, 1365];[16, 1365];[16, 2939];*
1269;[1085, 1365];[16, 1365];[16, 2939];*
1270;[1085, 1365];[16, 1365];[16, 2939];*
1271;[1085, 1365];[16, 1365];[16, 2939];*
1274;[1085, 1365];[16, 1365];[16, 2939];*
1275;[1085, 1365];[16, 1365];[16, 2939];*
1276;[1085, 1365];[16, 1365];[16, 2939];*
1279;[1085, 1365];[16, 1365];[16, 2939];*
1280;[1085, 1365];[16, 1365];[16, 2939];*
1283;[1085, 1365];[16, 1365];[16, 2939];*
1286;[1085, 1365];[16, 1365];[16, 2939];*
1287;[1085, 1365];[16, 1365];[16, 2939];*
1289;[1085, 1365];[16, 1365];[16, 2939];*
1292;[1085, 1365];[16, 1365];[16, 2939];*
1293;[1085, 1365];[16, 1365];[16, 2939];*
1296;[1085, 1365];[16, 1365];[16, 2939];*
1299;[1085, 1365];[16, 1365];[16, 2939];*
1300;[1085, 1365];[16, 1365];[16, 2939];*
1302;[1085, 1365];[16, 1365];[16, 2939];*
1303;[1085, 1365];[16, 1365];[16, 2939];*
1304;[1085, 1365];[16, 1365];[16, 2939];*
1309;[1085, 1365];[16, 1365];[16, 2939];*
1313;[1085, 1365];[16, 1365];[16, 2939];*
1316;[1085, 1365];[16, 1365];[16, 2939];*
1319;[1085, 1365];[16, 1365];[16, 2939];*
1320;[1085, 1365];[16, 1365];[16, 2939];*
1322;[1085, 1365];[16, 1365];[16, 2939];*
1326;[1085, 1365];[16, 1365];[16, 2939];*
1329;[1085, 1365];[16, 1365];[16, 2939];*
1330;[1085, 1365];[16, 1365];[16, 2939];*
1332;[1085, 1365];[16, 1365];[16, 2939];*
1335;[1085, 1365];[16, 1365];[16, 2939];*
1336;[1085, 1365];[16, 1365];[16, 2939];*
1337;[1085, 1365];[16, 1365];[16, 2939];*
1338;[1085, 1365];[16, 1365];[16, 2939];*
1340;[1085, 1365];[16, 1365];[16, 2939];*
1341;[1085, 1365];[16, 1365];[16, 2939];*
1345;[1085, 1365];[16, 1365];[16, 2939];*
1346;[1085, 1365];[16, 1365];[16, 2939];*
1347;[1085, 1365];[16, 1365];[16, 2939];*
1348;[1085, 1365];[16, 1365];[16, 2939];*
1351;[1085, 1365];[16, 1365];[16, 2939];*
1352;[1085, 1365];[16, 1365];[16, 2939];*
1354;[1085, 1365];[16, 1365];[16, 2939];*
1356;[1085, 1365];[16, 1365];[16, 2939];*
1358;[1085, 1365];[16, 1365];[16, 2939];*
1359;[1085, 1365];[16, 1365];[16, 2939];*
1360;[1085, 1365];[16, 1365];[16, 2939];*
1361;[1085, 1365];[16, 1365];[16, 2939];*
1362;[1085, 1365];[16, 1365];[16, 2939];*
1364;[1085, 1365];[16, 1365];[16, 2939];*
1365;[1085, 1365];[16, 1365];[16, 2939];*
1366;[1366, 1588];[1366, 2221];[16, 2939];*
1369;[1366, 1588];[1366, 2221];[16, 2939];*
1370;[1366, 1588];[1366, 2221];[16, 2939];*
1371;[1366, 1588];[1366, 2221];[16, 2939];*
1372;[1366, 1588];[1366, 2221];[16, 2939];*
1373;[1366, 1588];[1366, 2221];[16, 2939];*
1378;[1366, 1588];[1366, 2221];[16, 2939];*
1380;[1366, 1588];[1366, 2221];[16, 2939];*
1381;[1366, 1588];[1366, 2221];[16, 2939];*
1384;[1366, 1588];[1366, 2221];[16, 2939];*
1385;[1366, 1588];[1366, 2221];[16, 2939];*
1388;[1366, 1588];[1366, 2221];[16, 2939];*
1389;[1366, 1588];[1366, 2221];[16, 2939];*
1390;[1366, 1588];[1366, 2221];[16, 2939];*
1392;[1366, 1588];[1366, 2221];[16, 2939];*
1394;[1366, 1588];[1366, 2221];[16, 2939];*
1395;[1366, 1588];[1366, 2221];[16, 2939];*
1397;[1366, 1588];[1366, 2221];[16, 2939];*
1398;[1366, 1588];[1366, 2221];[16, 2939];*
1399;[1366, 1588];[1366, 2221];[16, 2939];*
1401;[1366, 1588];[1366, 2221];[16, 2939];*
1403;[1366, 1588];[1366, 2221];[16, 2939];*
1404;[1366, 1588];[1366, 2221];[16, 2939];*
1405;[1366, 1588];[1366, 2221];[16, 2939];*
1407;[1366, 1588];[1366, 2221];[16, 2939];*
1409;[1366, 1588];[1366, 2221];[16, 2939];*
1410;[1366, 1588];[1366, 2221];[16, 2939];*
1411;[1366, 1588];[1366, 2221];[16, 2939];*
1412;[1366, 1588];[1366, 2221];[16, 2939];*
1413;[1366, 1588];[1366, 2221];[16, 2939];*
1414;[1366, 1588];[1366, 2221];[16, 2939];*
1415;[1366, 1588];[1366, 2221];[16, 2939];*
1417;[1366, 1588];[1366, 2221];[16, 2939];*
1418;[1366, 1588];[1366, 2221];[16, 2939];*
1419;[1366, 1588];[1366, 2221];[16, 2939];*
1420;[1366, 1588];[1366, 2221];[16, 2939];*
1422;[1366, 1588];[1366, 2221];[16, 2939];*
1424;[1366, 1588];[1366, 2221];[16, 2939];*
1426;[1366, 1588];[1366, 2221];[16, 2939];*
1429;[1366, 1588];[1366, 2221];[16, 2939];*
1431;[1366, 1588];[1366, 2221];[16, 2939];*
1432;[1366, 1588];[1366, 2221];[16, 2939];*
1435;[1366, 1588];[1366, 2221];[16, 2939];*
1436;[1366, 1588];[1366, 2221];[16, 2939];*
1437;[1366, 1588];[1366, 2221];[16, 2939];*
1439;[1366, 1588];[1366, 2221];[16, 2939];*
1440;[1366, 1588];[1366, 2221];[16, 2939];*
1443;[1366, 1588];[1366, 2221];[16, 2939];*
1444;[1366, 1588];[1366, 2221];[16, 2939];*
1446;[1366, 1588];[1366, 2221];[16, 2939];*
1447;[1366, 1588];[1366, 2221];[16, 2939];*
1448;[1366, 1588];[1366, 2221];[16, 2939];*
1449;[1366, 1588];[1366, 2221];[16, 2939];*
1452;[1366, 1588];[1366, 2221];[16, 2939];*
1454;[1366, 1588];[1366, 2221];[16, 2939];*
1456;[1366, 1588];[1366, 2221];[16, 2939];*
1457;[1366, 1588];[1366, 2221];[16, 2939];*
1460;[1366, 1588];[1366, 2221];[16, 2939];*
1461;[1366, 1588];[1366, 2221];[16, 2939];*
1463;[1366, 1588];[1366, 2221];[16, 2939];*
1464;[1366, 1588];[1366, 2221];[16, 2939];*
1465;[1366, 1588];[1366, 2221];[16, 2939];*
1467;[1366, 1588];[1366, 2221];[16, 2939];*
1468;[1366, 1588];[1366, 2221];[16, 2939];*
1469;[1366, 1588];[1366, 2221];[16, 2939];*
1470;[1366, 1588];[1366, 2221];[16, 2939];*
1472;[1366, 1588];[1366, 2221];[16, 2939];*
1473;[1366, 1588];[1366, 2221];[16, 2939];*
1474;[1366, 1588];[1366, 2221];[16, 2939];*
1475;[1366, 1588];[1366, 2221];[16, 2939];*
1476;[1366, 1588];[1366, 2221];[16, 2939];*
1477;[1366, 1588];[1366, 2221];[16, 2939];*
1478;[1366, 1588];[1366, 2221];[16, 2939];*
1483;[1366, 1588];[1366, 2221];[16, 2939];*
1485;[1366, 1588];[1366, 2221];[16, 2939];*
1486;[1366, 1588];[1366, 2221];[16, 2939];*
1487;[1366, 1588];[1366, 2221];[16, 2939];*
1488;[1366, 1588];[1366, 2221];[16, 2939];*
1490;[1366, 1588];[1366, 2221];[16, 2939];*
1491;[1366, 1588];[1366, 2221];[16, 2939];*
1492;[1366, 1588];[1366, 2221];[16, 2939];*
1493;[1366, 1588];[1366, 2221];[16, 2939];*
1494;[1366, 1588];[1366, 2221];[16, 2939];*
1495;[1366, 1588];[1366, 2221];[16, 2939];*
1496;[1366, 1588];[1366, 2221];[16, 2939];*
1497;[1366, 1588];[1366, 2221];[16, 2939];*
1498;[1366, 1588];[1366, 2221];[16, 2939];*
1499;[1366, 1588];[1366, 2221];[16, 2939];*
1500;[1366, 1588];[1366, 2221];[16, 2939];*
1501;[1366, 1588];[1366, 2221];[16, 2939];*
1502;[1366, 1588];[1366, 2221];[16, 2939];*
1503;[1366, 1588];[1366, 2221];[16, 2939];*
1504;[1366, 1588];[1366, 2221];[16, 2939];*
1505;[1366, 1588];[1366, 2221];[16, 2939];*
1506;[1366, 1588];[1366, 2221];[16, 2939];*
1507;[1366, 1588];[1366, 2221];[16, 2939];*
1510;[1366, 1588];[1366, 2221];[16, 2939];*
1511;[1366, 1588];[1366, 2221];[16, 2939];*
1512;[1366, 1588];[1366, 2221];[16, 2939];*
1513;[1366, 1588];[1366, 2221];[16, 2939];*
1514;[1366, 1588];[1366, 2221];[16, 2939];*
1515;[1366, 1588];[1366, 2221];[16, 2939];*
1516;[1366, 1588];[1366, 2221];[16, 2939];*
1519;[1366, 1588];[1366, 2221];[16, 2939];*
1521;[1366, 1588];[1366, 2221];[16, 2939];*
1522;[1366, 1588];[1366, 2221];[16, 2939];*
1523;[1366, 1588];[1366, 2221];[16, 2939];*
1524;[1366, 1588];[1366, 2221];[16, 2939];*
1525;[1366, 1588];[1366, 2221];[16, 2939];*
1528;[1366, 1588];[1366, 2221];[16, 2939];*
1529;[1366, 1588];[1366, 2221];[16, 2939];*
1532;[1366, 1588];[1366, 2221];[16, 2939];*
1533;[1366, 1588];[1366, 2221];[16, 2939];*
1534;[1366, 1588];[1366, 2221];[16, 2939];*
1537;[1366, 1588];[1366, 2221];[16, 2939];*
1538;[1366, 1588];[1366, 2221];[16, 2939];*
1539;[1366, 1588];[1366, 2221];[16, 2939];*
1540;[1366, 1588];[1366, 2221];[16, 2939];*
1543;[1366, 1588];[1366, 2221];[16, 2939];*
1544;[1366, 1588];[1366, 2221];[16, 2939];*
1548;[1366, 1588];[1366, 2221];[16, 2939];*
1549;[1366, 1588];[1366, 2221];[16, 2939];*
1551;[1366, 1588];[1366, 2221];[16, 2939];*
1552;[1366, 1588];[1366, 2221];[16, 2939];*
1553;[1366, 1588];[1366, 2221];[16, 2939];*
1556;[1366, 1588];[1366, 2221];[16, 2939];*
1557;[1366, 1588];[1366, 2221];[16, 2939];*
1558;[1366, 1588];[1366, 2221];[16, 2939];*
1559;[1366, 1588];[1366, 2221];[16, 2939];*
1560;[1366, 1588];[1366, 2221];[16, 2939];*
1563;[1366, 1588];[1366, 2221];[16, 2939];*
1564;[1366, 1588];[1366, 2221];[16, 2939];*
1565;[1366, 1588];[1366, 2221];[16, 2939];*
1568;[1366, 1588];[1366, 2221];[16, 2939];*
1569;[1366, 1588];[1366, 2221];[16, 2939];*
1570;[1366, 1588];[1366, 2221];[16, 2939];*
1571;[1366, 1588];[1366, 2221];[16, 2939];*
1572;[1366, 1588];[1366, 2221];[16, 2939];*
1573;[1366, 1588];[1366, 2221];[16, 2939];*
1575;[1366, 1588];[1366, 2221];[16, 2939];*
1576;[1366, 1588];[1366, 2221];[16, 2939];*
1577;[1366, 1588];[1366, 2221];[16, 2939];*
1578;[1366, 1588];[1366, 2221];[16, 2939];*
1579;[1366, 1588];[1366, 2221];[16, 2939];*
1580;[1366, 1588];[1366, 2221];[16, 2939];*
1581;[1366, 1588];[1366, 2221];[16, 2939];*
1582;[1366, 1588];[1366, 2221];[16, 2939];*
1583;[1366, 1588];[1366, 2221];[16, 2939];*
1584;[1366, 1588];[1366, 2221];[16, 2939];*
1585;[1366, 1588];[1366, 2221];[16, 2939];*
1586;[1366, 1588];[1366, 2221];[16, 2939];*
1588;[1366, 1588];[1366, 2221];[16, 2939];*
1590;[1590, 1813];[1366, 2221];[16, 2939];*
1591;[1590, 1813];[1366, 2221];[16, 2939];*
1593;[1590, 1813];[1366, 2221];[16, 2939];*
1594;[1590, 1813];[1366, 2221];[16, 2939];*
1595;[1590, 1813];[1366, 2221];[16, 2939];*
1596;[1590, 1813];[1366, 2221];[16, 2939];*
1597;[1590, 1813];[1366, 2221];[16, 2939];*
1598;[1590, 1813];[1366, 2221];[16, 2939];*
1599;[1590, 1813];[1366, 2221];[16, 2939];*
1601;[1590, 1813];[1366, 2221];[16, 2939];*
1602;[1590, 1813];[1366, 2221];[16, 2939];*
1603;[1590, 1813];[1366, 2221];[16, 2939];*
1604;[1590, 1813];[1366, 2221];[16, 2939];*
1605;[1590, 1813];[1366, 2221];[16, 2939];*
1608;[1590, 1813];[1366, 2221];[16, 2939];*
1610;[1590, 1813];[1366, 2221];[16, 2939];*
1611;[1590, 1813];[1366, 2221];[16, 2939];*
1612;[1590, 1813];[1366, 2221];[16, 2939];*
1613;[1590, 1813];[1366, 2221];[16, 2939];*
1615;[1590, 1813];[1366, 2221];[16, 2939];*
1618;[1590, 1813];[1366, 2221];[16, 2939];*
1619;[1590, 1813];[1366, 2221];[16, 2939];*
1621;[1590, 1813];[1366, 2221];[16, 2939];*
1622;[1590, 1813];[1366, 2221];[16, 2939];*
1624;[1590, 1813];[1366, 2221];[16, 2939];*
1625;[1590, 1813];[1366, 2221];[16, 2939];*
1626;[1590, 1813];[1366, 2221];[16, 2939];*
1628;[1590, 1813];[1366, 2221];[16, 2939];*
1629;[1590, 1813];[1366, 2221];[16, 2939];*
1630;[1590, 1813];[1366, 2221];[16, 2939];*
1633;[1590, 1813];[1366, 2221];[16, 2939];*
1634;[1590, 1813];[1366, 2221];[16, 2939];*
1637;[1590, 1813];[1366, 2221];[16, 2939];*
1638;[1590, 1813];[1366, 2221];[16, 2939];*
1639;[1590, 1813];[1366, 2221];[16, 2939];*
1641;[1590, 1813];[1366, 2221];[16, 2939];*
1642;[1590, 1813];[1366, 2221];[16, 2939];*
1643;[1590, 1813];[1366, 2221];[16, 2939];*
1644;[1590, 1813];[1366, 2221];[16, 2939];*
1646;[1590, 1813];[1366, 2221];[16, 2939];*
1647;[1590, 1813];[1366, 2221];[16, 2939];*
1650;[1590, 1813];[1366, 2221];[16, 2939];*
1651;[1590, 1813];[1366, 2221];[16, 2939];*
1653;[1590, 1813];[1366, 2221];[16, 2939];*
1654;[1590, 1813];[1366, 2221];[16, 2939];*
1655;[1590, 1813];[1366, 2221];[16, 2939];*
1658;[1590, 1813];[1366, 2221];[16, 2939];*
1659;[1590, 1813];[1366, 2221];[16, 2939];*
1660;[1590, 1813];[1366, 2221];[16, 2939];*
1661;[1590, 1813];[1366, 2221];[16, 2939];*
1662;[1590, 1813];[1366, 2221];[16, 2939];*
1663;[1590, 1813];[1366, 2221];[16, 2939];*
1664;[1590, 1813];[1366, 2221];[16, 2939];*
1665;[1590, 1813];[1366, 2221];[16, 2939];*
1666;[1590, 1813];[1366, 2221];[16, 2939];*
1667;[1590, 1813];[1366, 2221];[16, 2939];*
1671;[1590, 1813];[1366, 2221];[16, 2939];*
1673;[1590, 1813];[1366, 2221];[16, 2939];*
1676;[1590, 1813];[1366, 2221];[16, 2939];*
1677;[1590, 1813];[1366, 2221];[16, 2939];*
1679;[1590, 1813];[1366, 2221];[16, 2939];*
1681;[1590, 1813];[1366, 2221];[16, 2939];*
1682;[1590, 1813];[1366, 2221];[16, 2939];*
1683;[1590, 1813];[1366, 2221];[16, 2939];*
1685;[1590, 1813];[1366, 2221];[16, 2939];*
1687;[1590, 1813];[1366, 2221];[16, 2939];*
1689;[1590, 1813];[1366, 2221];[16, 2939];*
1690;[1590, 1813];[1366, 2221];[16, 2939];*
1692;[1590, 1813];[1366, 2221];[16, 2939];*
1693;[1590, 1813];[1366, 2221];[16, 2939];*
1694;[1590, 1813];[1366, 2221];[16, 2939];*
1695;[1590, 1813];[1366, 2221];[16, 2939];*
1696;[1590, 1813];[1366, 2221];[16, 2939];*
1698;[1590, 1813];[1366, 2221];[16, 2939];*
1699;[1590, 1813];[1366, 2221];[16, 2939];*
1700;[1590, 1813];[1366, 2221];[16, 2939];*
1701;[1590, 1813];[1366, 2221];[16, 2939];*
1703;[1590, 1813];[1366, 2221];[16, 2939];*
1704;[1590, 1813];[1366, 2221];[16, 2939];*
1705;[1590, 1813];[1366, 2221];[16, 2939];*
1706;[1590, 1813];[1366, 2221];[16, 2939];*
1707;[1590, 1813];[1366, 2221];[16, 2939];*
1710;[1590, 1813];[1366, 2221];[16, 2939];*
1711;[1590, 1813];[1366, 2221];[16, 2939];*
1712;[1590, 1813];[1366, 2221];[16, 2939];*
1714;[1590, 1813];[1366, 2221];[16, 2939];*
1716;[1590, 1813];[1366, 2221];[16, 2939];*
1717;[1590, 1813];[1366, 2221];[16, 2939];*
1720;[1590, 1813];[1366, 2221];[16, 2939];*
1721;[1590, 1813];[1366, 2221];[16, 2939];*
1722;[1590, 1813];[1366, 2221];[16, 2939];*
1724;[1590, 1813];[1366, 2221];[16, 2939];*
1726;[1590, 1813];[1366, 2221];[16, 2939];*
1727;[1590, 1813];[1366, 2221];[16, 2939];*
1728;[1590, 1813];[1366, 2221];[16, 2939];*
1729;[1590, 1813];[1366, 2221];[16, 2939];*
1735;[1590, 1813];[1366, 2221];[16, 2939];*
1736;[1590, 1813];[1366, 2221];[16, 2939];*
1737;[1590, 1813];[1366, 2221];[16, 2939];*
1740;[1590, 1813];[1366, 2221];[16, 2939];*
1742;[1590, 1813];[1366, 2221];[16, 2939];*
1744;[1590, 1813];[1366, 2221];[16, 2939];*
1745;[1590, 1813];[1366, 2221];[16, 2939];*
1746;[1590, 1813];[1366, 2221];[16, 2939];*
1747;[1590, 1813];[1366, 2221];[16, 2939];*
1748;[1590, 1813];[1366, 2221];[16, 2939];*
1749;[1590, 1813];[1366, 2221];[16, 2939];*
1750;[1590, 1813];[1366, 2221];[16, 2939];*
1751;[1590, 1813];[1366, 2221];[16, 2939];*
1752;[1590, 1813];[1366, 2221];[16, 2939];*
1755;[1590, 1813];[1366, 2221];[16, 2939];*
1757;[1590, 1813];[1366, 2221];[16, 2939];*
1758;[1590, 1813];[1366, 2221];[16, 2939];*
1760;[1590, 1813];[1366, 2221];[16, 2939];*
1763;[1590, 1813];[1366, 2221];[16, 2939];*
1765;[1590, 1813];[1366, 2221];[16, 2939];*
1766;[1590, 1813];[1366, 2221];[16, 2939];*
1768;[1590, 1813];[1366, 2221];[16, 2939];*
1770;[1590, 1813];[1366, 2221];[16, 2939];*
1771;[1590, 1813];[1366, 2221];[16, 2939];*
1772;[1590, 1813];[1366, 2221];[16, 2939];*
1773;[1590, 1813];[1366, 2221];[16, 2939];*
1774;[1590, 1813];[1366, 2221];[16, 2939];*
1775;[1590, 1813];[1366, 2221];[16, 2939];*
1777;[1590, 1813];[1366, 2221];[16, 2939];*
1779;[1590, 1813];[1366, 2221];[16, 2939];*
1780;[1590, 1813];[1366, 2221];[16, 2939];*
1781;[1590, 1813];[1366, 2221];[16, 2939];*
1782;[1590, 1813];[1366, 2221];[16, 2939];*
1783;[1590, 1813];[1366, 2221];[16, 2939];*
1784;[1590, 1813];[1366, 2221];[16, 2939];*
1785;[1590, 1813];[1366, 2221];[16, 2939];*
1786;[1590, 1813];[1366, 2221];[16, 2939];*
1787;[1590, 1813];[1366, 2221];[16, 2939];*
1788;[1590, 1813];[1366, 2221];[16, 2939];*
1790;[1590, 1813];[1366, 2221];[16, 2939];*
1792;[1590, 1813];[1366, 2221];[16, 2939];*
1793;[1590, 1813];[1366, 2221];[16, 2939];*
1795;[1590, 1813];[1366, 2221];[16, 2939];*
1796;[1590, 1813];[1366, 2221];[16, 2939];*
1797;[1590, 1813];[1366, 2221];[16, 2939];*
1798;[1590, 1813];[1366, 2221];[16, 2939];*
1799;[1590, 1813];[1366, 2221];[16, 2939];*
1800;[1590, 1813];[1366, 2221];[16, 2939];*
1801;[1590, 1813];[1366, 2221];[16, 2939];*
1804;[1590, 1813];[1366, 2221];[16, 2939];*
1806;[1590, 1813];[1366, 2221];[16, 2939];*
1808;[1590, 1813];[1366, 2221];[16, 2939];*
1809;[1590, 1813];[1366, 2221];[16, 2939];*
1810;[1590, 1813];[1366, 2221];[16, 2939];*
1812;[1590, 1813];[1366, 2221];[16, 2939];*
1813;[1590, 1813];[1366, 2221];[16, 2939];*
1814;[1814, 2012];[1366, 2221];[16, 2939];*
1815;[1814, 2012];[1366, 2221];[16, 2939];*
1816;[1814, 2012];[1366, 2221];[16, 2939];*
1817;[1814, 2012];[1366, 2221];[16, 2939];*
1818;[1814, 2012];[1366, 2221];[16, 2939];*
1819;[1814, 2012];[1366, 2221];[16, 2939];*
1820;[1814, 2012];[1366, 2221];[16, 2939];*
1821;[1814, 2012];[1366, 2221];[16, 2939];*
1822;[1814, 2012];[1366, 2221];[16, 2939];*
1823;[1814, 2012];[1366, 2221];[16, 2939];*
1824;[1814, 2012];[1366, 2221];[16, 2939];*
1826;[1814, 2012];[1366, 2221];[16, 2939];*
1827;[1814, 2012];[1366, 2221];[16, 2939];*
1829;[1814, 2012];[1366, 2221];[16, 2939];*
1830;[1814, 2012];[1366, 2221];[16, 2939];*
1831;[1814, 2012];[1366, 2221];[16, 2939];*
1832;[1814, 2012];[1366, 2221];[16, 2939];*
1835;[1814, 2012];[1366, 2221];[16, 2939];*
1836;[1814, 2012];[1366, 2221];[16, 2939];*
1837;[1814, 2012];[1366, 2221];[16, 2939];*
1838;[1814, 2012];[1366, 2221];[16, 2939];*
1841;[1814, 2012];[1366, 2221];[16, 2939];*
1842;[1814, 2012];[1366, 2221];[16, 2939];*
1843;[1814, 2012];[1366, 2221];[16, 2939];*
1845;[1814, 2012];[1366, 2221];[16, 2939];*
1846;[1814, 2012];[1366, 2221];[16, 2939];*
1848;[1814, 2012];[1366, 2221];[16, 2939];*
1849;[1814, 2012];[1366, 2221];[16, 2939];*
1850;[1814, 2012];[1366, 2221];[16, 2939];*
1852;[1814, 2012];[1366, 2221];[16, 2939];*
1853;[1814, 2012];[1366, 2221];[16, 2939];*
1854;[1814, 2012];[1366, 2221];[16, 2939];*
1857;[1814, 2012];[1366, 2221];[16, 2939];*
1858;[1814, 2012];[1366, 2221];[16, 2939];*
1859;[1814, 2012];[1366, 2221];[16, 2939];*
1860;[1814, 2012];[1366, 2221];[16, 2939];*
1861;[1814, 2012];[1366, 2221];[16, 2939];*
1862;[1814, 2012];[1366, 2221];[16, 2939];*
1863;[1814, 2012];[1366, 2221];[16, 2939];*
1864;[1814, 2012];[1366, 2221];[16, 2939];*
1865;[1814, 2012];[1366, 2221];[16, 2939];*
1866;[1814, 2012];[1366, 2221];[16, 2939];*
1868;[1814, 2012];[1366, 2221];[16, 2939];*
1869;[1814, 2012];[1366, 2221];[16, 2939];*
1870;[1814, 2012];[1366, 2221];[16, 2939];*
1872;[1814, 2012];[1366, 2221];[16, 2939];*
1874;[1814, 2012];[1366, 2221];[16, 2939];*
1875;[1814, 2012];[1366, 2221];[16, 2939];*
1876;[1814, 2012];[1366, 2221];[16, 2939];*
1877;[1814, 2012];[1366, 2221];[16, 2939];*
1878;[1814, 2012];[1366, 2221];[16, 2939];*
1879;[1814, 2012];[1366, 2221];[16, 2939];*
1882;[1814, 2012];[1366, 2221];[16, 2939];*
1883;[1814, 2012];[1366, 2221];[16, 2939];*
1884;[1814, 2012];[1366, 2221];[16, 2939];*
1885;[1814, 2012];[1366, 2221];[16, 2939];*
1887;[1814, 2012];[1366, 2221];[16, 2939];*
1888;[1814, 2012];[1366, 2221];[16, 2939];*
1890;[1814, 2012];[1366, 2221];[16, 2939];*
1894;[1814, 2012];[1366, 2221];[16, 2939];*
1895;[1814, 2012];[1366, 2221];[16, 2939];*
1896;[1814, 2012];[1366, 2221];[16, 2939];*
1897;[1814, 2012];[1366, 2221];[16, 2939];*
1898;[1814, 2012];[1366, 2221];[16, 2939];*
1899;[1814, 2012];[1366, 2221];[16, 2939];*
1901;[1814, 2012];[1366, 2221];[16, 2939];*
1902;[1814, 2012];[1366, 2221];[16, 2939];*
1904;[1814, 2012];[1366, 2221];[16, 2939];*
1905;[1814, 2012];[1366, 2221];[16, 2939];*
1906;[1814, 2012];[1366, 2221];[16, 2939];*
1907;[1814, 2012];[1366, 2221];[16, 2939];*
1908;[1814, 2012];[1366, 2221];[16, 2939];*
1909;[1814, 2012];[1366, 2221];[16, 2939];*
1910;[1814, 2012];[1366, 2221];[16, 2939];*
1912;[1814, 2012];[1366, 2221];[16, 2939];*
1913;[1814, 2012];[1366, 2221];[16, 2939];*
1914;[1814, 2012];[1366, 2221];[16, 2939];*
1915;[1814, 2012];[1366, 2221];[16, 2939];*
1916;[1814, 2012];[1366, 2221];[16, 2939];*
1917;[1814, 2012];[1366, 2221];[16, 2939];*
1918;[1814, 2012];[1366, 2221];[16, 2939];*
1919;[1814, 2012];[1366, 2221];[16, 2939];*
1920;[1814, 2012];[1366, 2221];[16, 2939];*
1921;[1814, 2012];[1366, 2221];[16, 2939];*
1922;[1814, 2012];[1366, 2221];[16, 2939];*
1924;[1814, 2012];[1366, 2221];[16, 2939];*
1925;[1814, 2012];[1366, 2221];[16, 2939];*
1926;[1814, 2012];[1366, 2221];[16, 2939];*
1929;[1814, 2012];[1366, 2221];[16, 2939];*
1930;[1814, 2012];[1366, 2221];[16, 2939];*
1931;[1814, 2012];[1366, 2221];[16, 2939];*
1932;[1814, 2012];[1366, 2221];[16, 2939];*
1933;[1814, 2012];[1366, 2221];[16, 2939];*
1934;[1814, 2012];[1366, 2221];[16, 2939];*
1935;[1814, 2012];[1366, 2221];[16, 2939];*
1937;[1814, 2012];[1366, 2221];[16, 2939];*
1938;[1814, 2012];[1366, 2221];[16, 2939];*
1939;[1814, 2012];[1366, 2221];[16, 2939];*
1940;[1814, 2012];[1366, 2221];[16, 2939];*
1941;[1814, 2012];[1366, 2221];[16, 2939];*
1943;[1814, 2012];[1366, 2221];[16, 2939];*
1944;[1814, 2012];[1366, 2221];[16, 2939];*
1945;[1814, 2012];[1366, 2221];[16, 2939];*
1946;[1814, 2012];[1366, 2221];[16, 2939];*
1948;[1814, 2012];[1366, 2221];[16, 2939];*
1949;[1814, 2012];[1366, 2221];[16, 2939];*
1950;[1814, 2012];[1366, 2221];[16, 2939];*
1951;[1814, 2012];[1366, 2221];[16, 2939];*
1952;[1814, 2012];[1366, 2221];[16, 2939];*
1953;[1814, 2012];[1366, 2221];[16, 2939];*
1955;[1814, 2012];[1366, 2221];[16, 2939];*
1958;[1814, 2012];[1366, 2221];[16, 2939];*
1960;[1814, 2012];[1366, 2221];[16, 2939];*
1961;[1814, 2012];[1366, 2221];[16, 2939];*
1963;[1814, 2012];[1366, 2221];[16, 2939];*
1964;[1814, 2012];[1366, 2221];[16, 2939];*
1965;[1814, 2012];[1366, 2221];[16, 2939];*
1966;[1814, 2012];[1366, 2221];[16, 2939];*
1970;[1814, 2012];[1366, 2221];[16, 2939];*
1971;[1814, 2012];[1366, 2221];[16, 2939];*
1972;[1814, 2012];[1366, 2221];[16, 2939];*
1973;[1814, 2012];[1366, 2221];[16, 2939];*
1974;[1814, 2012];[1366, 2221];[16, 2939];*
1975;[1814, 2012];[1366, 2221];[16, 2939];*
1977;[1814, 2012];[1366, 2221];[16, 2939];*
1978;[1814, 2012];[1366, 2221];[16, 2939];*
1980;[1814, 2012];[1366, 2221];[16, 2939];*
1981;[1814, 2012];[1366, 2221];[16, 2939];*
1983;[1814, 2012];[1366, 2221];[16, 2939];*
1984;[1814, 2012];[1366, 2221];[16, 2939];*
1985;[1814, 2012];[1366, 2221];[16, 2939];*
1986;[1814, 2012];[1366, 2221];[16, 2939];*
1987;[1814, 2012];[1366, 2221];[16, 2939];*
1988;[1814, 2012];[1366, 2221];[16, 2939];*
1989;[1814, 2012];[1366, 2221];[16, 2939];*
1992;[1814, 2012];[1366, 2221];[16, 2939];*
1993;[1814, 2012];[1366, 2221];[16, 2939];*
1994;[1814, 2012];[1366, 2221];[16, 2939];*
1995;[1814, 2012];[1366, 2221];[16, 2939];*
1996;[1814, 2012];[1366, 2221];[16, 2939];*
1998;[1814, 2012];[1366, 2221];[16, 2939];*
1999;[1814, 2012];[1366, 2221];[16, 2939];*
2000;[1814, 2012];[1366, 2221];[16, 2939];*
2001;[1814, 2012];[1366, 2221];[16, 2939];*
2002;[1814, 2012];[1366, 2221];[16, 2939];*
2003;[1814, 2012];[1366, 2221];[16, 2939];*
2004;[1814, 2012];[1366, 2221];[16, 2939];*
2008;[1814, 2012];[1366, 2221];[16, 2939];*
2009;[1814, 2012];[1366, 2221];[16, 2939];*
2010;[1814, 2012];[1366, 2221];[16, 2939];*
2011;[1814, 2012];[1366, 2221];[16, 2939];*
2012;[1814, 2012];[1366, 2221];[16, 2939];*
2014;[2014, 2221];[1366, 2221];[16, 2939];*
2015;[2014, 2221];[1366, 2221];[16, 2939];*
2016;[2014, 2221];[1366, 2221];[16, 2939];*
2019;[2014, 2221];[1366, 2221];[16, 2939];*
2020;[2014, 2221];[1366, 2221];[16, 2939];*
2021;[2014, 2221];[1366, 2221];[16, 2939];*
2022;[2014, 2221];[1366, 2221];[16, 2939];*
2023;[2014, 2221];[1366, 2221];[16, 2939];*
2024;[2014, 2221];[1366, 2221];[16, 2939];*
2026;[2014, 2221];[1366, 2221];[16, 2939];*
2027;[2014, 2221];[1366, 2221];[16, 2939];*
2029;[2014, 2221];[1366, 2221];[16, 2939];*
2030;[2014, 2221];[1366, 2221];[16, 2939];*
2031;[2014, 2221];[1366, 2221];[16, 2939];*
2034;[2014, 2221];[1366, 2221];[16, 2939];*
2036;[2014, 2221];[1366, 2221];[16, 2939];*
2037;[2014, 2221];[1366, 2221];[16, 2939];*
2040;[2014, 2221];[1366, 2221];[16, 2939];*
2041;[2014, 2221];[1366, 2221];[16, 2939];*
2042;[2014, 2221];[1366, 2221];[16, 2939];*
2043;[2014, 2221];[1366, 2221];[16, 2939];*
2045;[2014, 2221];[1366, 2221];[16, 2939];*
2047;[2014, 2221];[1366, 2221];[16, 2939];*
2049;[2014, 2221];[1366, 2221];[16, 2939];*
2050;[2014, 2221];[1366, 2221];[16, 2939];*
2051;[2014, 2221];[1366, 2221];[16, 2939];*
2052;[2014, 2221];[1366, 2221];[16, 2939];*
2053;[2014, 2221];[1366, 2221];[16, 2939];*
2055;[2014, 2221];[1366, 2221];[16, 2939];*
2056;[2014, 2221];[1366, 2221];[16, 2939];*
2057;[2014, 2221];[1366, 2221];[16, 2939];*
2059;[2014, 2221];[1366, 2221];[16, 2939];*
2060;[2014, 2221];[1366, 2221];[16, 2939];*
2062;[2014, 2221];[1366, 2221];[16, 2939];*
2063;[2014, 2221];[1366, 2221];[16, 2939];*
2064;[2014, 2221];[1366, 2221];[16, 2939];*
2065;[2014, 2221];[1366, 2221];[16, 2939];*
2067;[2014, 2221];[1366, 2221];[16, 2939];*
2068;[2014, 2221];[1366, 2221];[16, 2939];*
2071;[2014, 2221];[1366, 2221];[16, 2939];*
2072;[2014, 2221];[1366, 2221];[16, 2939];*
2073;[2014, 2221];[1366, 2221];[16, 2939];*
2074;[2014, 2221];[1366, 2221];[16, 2939];*
2077;[2014, 2221];[1366, 2221];[16, 2939];*
2078;[2014, 2221];[1366, 2221];[16, 2939];*
2080;[2014, 2221];[1366, 2221];[16, 2939];*
2081;[2014, 2221];[1366, 2221];[16, 2939];*
2082;[2014, 2221];[1366, 2221];[16, 2939];*
2083;[2014, 2221];[1366, 2221];[16, 2939];*
2084;[2014, 2221];[1366, 2221];[16, 2939];*
2085;[2014, 2221];[1366, 2221];[16, 2939];*
2087;[2014, 2221];[1366, 2221];[16, 2939];*
2088;[2014, 2221];[1366, 2221];[16, 2939];*
2090;[2014, 2221];[1366, 2221];[16, 2939];*
2091;[2014, 2221];[1366, 2221];[16, 2939];*
2093;[2014, 2221];[1366, 2221];[16, 2939];*
2095;[2014, 2221];[1366, 2221];[16, 2939];*
2097;[2014, 2221];[1366, 2221];[16, 2939];*
2098;[2014, 2221];[1366, 2221];[16, 2939];*
2100;[2014, 2221];[1366, 2221];[16, 2939];*
2102;[2014, 2221];[1366, 2221];[16, 2939];*
2103;[2014, 2221];[1366, 2221];[16, 2939];*
2104;[2014, 2221];[1366, 2221];[16, 2939];*
2106;[2014, 2221];[1366, 2221];[16, 2939];*
2107;[2014, 2221];[1366, 2221];[16, 2939];*
2109;[2014, 2221];[1366, 2221];[16, 2939];*
2110;[2014, 2221];[1366, 2221];[16, 2939];*
2111;[2014, 2221];[1366, 2221];[16, 2939];*
2113;[2014, 2221];[1366, 2221];[16, 2939];*
2114;[2014, 2221];[1366, 2221];[16, 2939];*
2116;[2014, 2221];[1366, 2221];[16, 2939];*
2117;[2014, 2221];[1366, 2221];[16, 2939];*
2121;[2014, 2221];[1366, 2221];[16, 2939];*
2122;[2014, 2221];[1366, 2221];[16, 2939];*
2123;[2014, 2221];[1366, 2221];[16, 2939];*
2124;[2014, 2221];[1366, 2221];[16, 2939];*
2125;[2014, 2221];[1366, 2221];[16, 2939];*
2126;[2014, 2221];[1366, 2221];[16, 2939];*
2127;[2014, 2221];[1366, 2221];[16, 2939];*
2128;[2014, 2221];[1366, 2221];[16, 2939];*
2129;[2014, 2221];[1366, 2221];[16, 2939];*
2130;[2014, 2221];[1366, 2221];[16, 2939];*
2131;[2014, 2221];[1366, 2221];[16, 2939];*
2133;[2014, 2221];[1366, 2221];[16, 2939];*
2134;[2014, 2221];[1366, 2221];[16, 2939];*
2135;[2014, 2221];[1366, 2221];[16, 2939];*
2136;[2014, 2221];[1366, 2221];[16, 2939];*
2137;[2014, 2221];[1366, 2221];[16, 2939];*
2139;[2014, 2221];[1366, 2221];[16, 2939];*
2140;[2014, 2221];[1366, 2221];[16, 2939];*
2142;[2014, 2221];[1366, 2221];[16, 2939];*
2143;[2014, 2221];[1366, 2221];[16, 2939];*
2145;[2014, 2221];[1366, 2221];[16, 2939];*
2146;[2014, 2221];[1366, 2221];[16, 2939];*
2147;[2014, 2221];[1366, 2221];[16, 2939];*
2148;[2014, 2221];[1366, 2221];[16, 2939];*
2149;[2014, 2221];[1366, 2221];[16, 2939];*
2150;[2014, 2221];[1366, 2221];[16, 2939];*
2151;[2014, 2221];[1366, 2221];[16, 2939];*
2152;[2014, 2221];[1366, 2221];[16, 2939];*
2153;[2014, 2221];[1366, 2221];[16, 2939];*
2155;[2014, 2221];[1366, 2221];[16, 2939];*
2156;[2014, 2221];[1366, 2221];[16, 2939];*
2157;[2014, 2221];[1366, 2221];[16, 2939];*
2158;[2014, 2221];[1366, 2221];[16, 2939];*
2159;[2014, 2221];[1366, 2221];[16, 2939];*
2160;[2014, 2221];[1366, 2221];[16, 2939];*
2161;[2014, 2221];[1366, 2221];[16, 2939];*
2165;[2014, 2221];[1366, 2221];[16, 2939];*
2166;[2014, 2221];[1366, 2221];[16, 2939];*
2167;[2014, 2221];[1366, 2221];[16, 2939];*
2169;[2014, 2221];[1366, 2221];[16, 2939];*
2170;[2014, 2221];[1366, 2221];[16, 2939];*
2171;[2014, 2221];[1366, 2221];[16, 2939];*
2173;[2014, 2221];[1366, 2221];[16, 2939];*
2174;[2014, 2221];[1366, 2221];[16, 2939];*
2175;[2014, 2221];[1366, 2221];[16, 2939];*
2176;[2014, 2221];[1366, 2221];[16, 2939];*
2177;[2014, 2221];[1366, 2221];[16, 2939];*
2178;[2014, 2221];[1366, 2221];[16, 2939];*
2179;[2014, 2221];[1366, 2221];[16, 2939];*
2180;[2014, 2221];[1366, 2221];[16, 2939];*
2181;[2014, 2221];[1366, 2221];[16, 2939];*
2182;[2014, 2221];[1366, 2221];[16, 2939];*
2183;[2014, 2221];[1366, 2221];[16, 2939];*
2184;[2014, 2221];[1366, 2221];[16, 2939];*
2185;[2014, 2221];[1366, 2221];[16, 2939];*
2186;[2014, 2221];[1366, 2221];[16, 2939];*
2187;[2014, 2221];[1366, 2221];[16, 2939];*
2188;[2014, 2221];[1366, 2221];[16, 2939];*
2189;[2014, 2221];[1366, 2221];[16, 2939];*
2191;[2014, 2221];[1366, 2221];[16, 2939];*
2192;[2014, 2221];[1366, 2221];[16, 2939];*
2194;[2014, 2221];[1366, 2221];[16, 2939];*
2195;[2014, 2221];[1366, 2221];[16, 2939];*
2198;[2014, 2221];[1366, 2221];[16, 2939];*
2199;[2014, 2221];[1366, 2221];[16, 2939];*
2200;[2014, 2221];[1366, 2221];[16, 2939];*
2201;[2014, 2221];[1366, 2221];[16, 2939];*
2202;[2014, 2221];[1366, 2221];[16, 2939];*
2203;[2014, 2221];[1366, 2221];[16, 2939];*
2204;[2014, 2221];[1366, 2221];[16, 2939];*
2205;[2014, 2221];[1366, 2221];[16, 2939];*
2206;[2014, 2221];[1366, 2221];[16, 2939];*
2207;[2014, 2221];[1366, 2221];[16, 2939];*
2209;[2014, 2221];[1366, 2221];[16, 2939];*
2210;[2014, 2221];[1366, 2221];[16, 2939];*
2211;[2014, 2221];[1366, 2221];[16, 2939];*
2212;[2014, 2221];[1366, 2221];[16, 2939];*
2216;[2014, 2221];[1366, 2221];[16, 2939];*
2217;[2014, 2221];[1366, 2221];[16, 2939];*
2220;[2014, 2221];[1366, 2221];[16, 2939];*
2221;[2014, 2221];[1366, 2221];[16, 2939];*
2222;[2222, 2406];[2222, 2939];[16, 2939];*
2223;[2222, 2406];[2222, 2939];[16, 2939];*
2224;[2222, 2406];[2222, 2939];[16, 2939];*
2225;[2222, 2406];[2222, 2939];[16, 2939];*
2226;[2222, 2406];[2222, 2939];[16, 2939];*
2227;[2222, 2406];[2222, 2939];[16, 2939];*
2228;[2222, 2406];[2222, 2939];[16, 2939];*
2229;[2222, 2406];[2222, 2939];[16, 2939];*
2230;[2222, 2406];[2222, 2939];[16, 2939];*
2231;[2222, 2406];[2222, 2939];[16, 2939];*
2232;[2222, 2406];[2222, 2939];[16, 2939];*
2233;[2222, 2406];[2222, 2939];[16, 2939];*
2234;[2222, 2406];[2222, 2939];[16, 2939];*
2235;[2222, 2406];[2222, 2939];[16, 2939];*
2236;[2222, 2406];[2222, 2939];[16, 2939];*
2237;[2222, 2406];[2222, 2939];[16, 2939];*
2238;[2222, 2406];[2222, 2939];[16, 2939];*
2240;[2222, 2406];[2222, 2939];[16, 2939];*
2241;[2222, 2406];[2222, 2939];[16, 2939];*
2242;[2222, 2406];[2222, 2939];[16, 2939];*
2244;[2222, 2406];[2222, 2939];[16, 2939];*
2245;[2222, 2406];[2222, 2939];[16, 2939];*
2246;[2222, 2406];[2222, 2939];[16, 2939];*
2247;[2222, 2406];[2222, 2939];[16, 2939];*
2249;[2222, 2406];[2222, 2939];[16, 2939];*
2251;[2222, 2406];[2222, 2939];[16, 2939];*
2252;[2222, 2406];[2222, 2939];[16, 2939];*
2253;[2222, 2406];[2222, 2939];[16, 2939];*
2254;[2222, 2406];[2222, 2939];[16, 2939];*
2255;[2222, 2406];[2222, 2939];[16, 2939];*
2257;[2222, 2406];[2222, 2939];[16, 2939];*
2258;[2222, 2406];[2222, 2939];[16, 2939];*
2259;[2222, 2406];[2222, 2939];[16, 2939];*
2260;[2222, 2406];[2222, 2939];[16, 2939];*
2261;[2222, 2406];[2222, 2939];[16, 2939];*
2262;[2222, 2406];[2222, 2939];[16, 2939];*
2263;[2222, 2406];[2222, 2939];[16, 2939];*
2264;[2222, 2406];[2222, 2939];[16, 2939];*
2266;[2222, 2406];[2222, 2939];[16, 2939];*
2267;[2222, 2406];[2222, 2939];[16, 2939];*
2268;[2222, 2406];[2222, 2939];[16, 2939];*
2269;[2222, 2406];[2222, 2939];[16, 2939];*
2270;[2222, 2406];[2222, 2939];[16, 2939];*
2271;[2222, 2406];[2222, 2939];[16, 2939];*
2272;[2222, 2406];[2222, 2939];[16, 2939];*
2274;[2222, 2406];[2222, 2939];[16, 2939];*
2276;[2222, 2406];[2222, 2939];[16, 2939];*
2279;[2222, 2406];[2222, 2939];[16, 2939];*
2280;[2222, 2406];[2222, 2939];[16, 2939];*
2281;[2222, 2406];[2222, 2939];[16, 2939];*
2282;[2222, 2406];[2222, 2939];[16, 2939];*
2283;[2222, 2406];[2222, 2939];[16, 2939];*
2284;[2222, 2406];[2222, 2939];[16, 2939];*
2286;[2222, 2406];[2222, 2939];[16, 2939];*
2287;[2222, 2406];[2222, 2939];[16, 2939];*
2288;[2222, 2406];[2222, 2939];[16, 2939];*
2289;[2222, 2406];[2222, 2939];[16, 2939];*
2290;[2222, 2406];[2222, 2939];[16, 2939];*
2292;[2222, 2406];[2222, 2939];[16, 2939];*
2293;[2222, 2406];[2222, 2939];[16, 2939];*
2294;[2222, 2406];[2222, 2939];[16, 2939];*
2296;[2222, 2406];[2222, 2939];[16, 2939];*
2297;[2222, 2406];[2222, 2939];[16, 2939];*
2298;[2222, 2406];[2222, 2939];[16, 2939];*
2299;[2222, 2406];[2222, 2939];[16, 2939];*
2301;[2222, 2406];[2222, 2939];[16, 2939];*
2302;[2222, 2406];[2222, 2939];[16, 2939];*
2303;[2222, 2406];[2222, 2939];[16, 2939];*
2304;[2222, 2406];[2222, 2939];[16, 2939];*
2305;[2222, 2406];[2222, 2939];[16, 2939];*
2307;[2222, 2406];[2222, 2939];[16, 2939];*
2308;[2222, 2406];[2222, 2939];[16, 2939];*
2309;[2222, 2406];[2222, 2939];[16, 2939];*
2310;[2222, 2406];[2222, 2939];[16, 2939];*
2311;[2222, 2406];[2222, 2939];[16, 2939];*
2312;[2222, 2406];[2222, 2939];[16, 2939];*
2313;[2222, 2406];[2222, 2939];[16, 2939];*
2315;[2222, 2406];[2222, 2939];[16, 2939];*
2316;[2222, 2406];[2222, 2939];[16, 2939];*
2317;[2222, 2406];[2222, 2939];[16, 2939];*
2318;[2222, 2406];[2222, 2939];[16, 2939];*
2320;[2222, 2406];[2222, 2939];[16, 2939];*
2321;[2222, 2406];[2222, 2939];[16, 2939];*
2322;[2222, 2406];[2222, 2939];[16, 2939];*
2323;[2222, 2406];[2222, 2939];[16, 2939];*
2324;[2222, 2406];[2222, 2939];[16, 2939];*
2325;[2222, 2406];[2222, 2939];[16, 2939];*
2327;[2222, 2406];[2222, 2939];[16, 2939];*
2328;[2222, 2406];[2222, 2939];[16, 2939];*
2329;[2222, 2406];[2222, 2939];[16, 2939];*
2330;[2222, 2406];[2222, 2939];[16, 2939];*
2331;[2222, 2406];[2222, 2939];[16, 2939];*
2332;[2222, 2406];[2222, 2939];[16, 2939];*
2333;[2222, 2406];[2222, 2939];[16, 2939];*
2334;[2222, 2406];[2222, 2939];[16, 2939];*
2336;[2222, 2406];[2222, 2939];[16, 2939];*
2337;[2222, 2406];[2222, 2939];[16, 2939];*
2339;[2222, 2406];[2222, 2939];[16, 2939];*
2341;[2222, 2406];[2222, 2939];[16, 2939];*
2344;[2222, 2406];[2222, 2939];[16, 2939];*
2345;[2222, 2406];[2222, 2939];[16, 2939];*
2346;[2222, 2406];[2222, 2939];[16, 2939];*
2347;[2222, 2406];[2222, 2939];[16, 2939];*
2348;[2222, 2406];[2222, 2939];[16, 2939];*
2349;[2222, 2406];[2222, 2939];[16, 2939];*
2351;[2222, 2406];[2222, 2939];[16, 2939];*
2352;[2222, 2406];[2222, 2939];[16, 2939];*
2353;[2222, 2406];[2222, 2939];[16, 2939];*
2355;[2222, 2406];[2222, 2939];[16, 2939];*
2356;[2222, 2406];[2222, 2939];[16, 2939];*
2357;[2222, 2406];[2222, 2939];[16, 2939];*
2358;[2222, 2406];[2222, 2939];[16, 2939];*
2359;[2222, 2406];[2222, 2939];[16, 2939];*
2360;[2222, 2406];[2222, 2939];[16, 2939];*
2361;[2222, 2406];[2222, 2939];[16, 2939];*
2362;[2222, 2406];[2222, 2939];[16, 2939];*
2363;[2222, 2406];[2222, 2939];[16, 2939];*
2364;[2222, 2406];[2222, 2939];[16, 2939];*
2365;[2222, 2406];[2222, 2939];[16, 2939];*
2366;[2222, 2406];[2222, 2939];[16, 2939];*
2367;[2222, 2406];[2222, 2939];[16, 2939];*
2368;[2222, 2406];[2222, 2939];[16, 2939];*
2369;[2222, 2406];[2222, 2939];[16, 2939];*
2371;[2222, 2406];[2222, 2939];[16, 2939];*
2372;[2222, 2406];[2222, 2939];[16, 2939];*
2373;[2222, 2406];[2222, 2939];[16, 2939];*
2374;[2222, 2406];[2222, 2939];[16, 2939];*
2376;[2222, 2406];[2222, 2939];[16, 2939];*
2377;[2222, 2406];[2222, 2939];[16, 2939];*
2378;[2222, 2406];[2222, 2939];[16, 2939];*
2379;[2222, 2406];[2222, 2939];[16, 2939];*
2380;[2222, 2406];[2222, 2939];[16, 2939];*
2382;[2222, 2406];[2222, 2939];[16, 2939];*
2383;[2222, 2406];[2222, 2939];[16, 2939];*
2384;[2222, 2406];[2222, 2939];[16, 2939];*
2386;[2222, 2406];[2222, 2939];[16, 2939];*
2387;[2222, 2406];[2222, 2939];[16, 2939];*
2388;[2222, 2406];[2222, 2939];[16, 2939];*
2389;[2222, 2406];[2222, 2939];[16, 2939];*
2390;[2222, 2406];[2222, 2939];[16, 2939];*
2391;[2222, 2406];[2222, 2939];[16, 2939];*
2394;[2222, 2406];[2222, 2939];[16, 2939];*
2395;[2222, 2406];[2222, 2939];[16, 2939];*
2396;[2222, 2406];[2222, 2939];[16, 2939];*
2398;[2222, 2406];[2222, 2939];[16, 2939];*
2399;[2222, 2406];[2222, 2939];[16, 2939];*
2400;[2222, 2406];[2222, 2939];[16, 2939];*
2402;[2222, 2406];[2222, 2939];[16, 2939];*
2403;[2222, 2406];[2222, 2939];[16, 2939];*
2404;[2222, 2406];[2222, 2939];[16, 2939];*
2405;[2222, 2406];[2222, 2939];[16, 2939];*
2406;[2222, 2406];[2222, 2939];[16, 2939];*
2407;[2407, 2581];[2222, 2939];[16, 2939];*
2408;[2407, 2581];[2222, 2939];[16, 2939];*
2409;[2407, 2581];[2222, 2939];[16, 2939];*
2410;[2407, 2581];[2222, 2939];[16, 2939];*
2411;[2407, 2581];[2222, 2939];[16, 2939];*
2412;[2407, 2581];[2222, 2939];[16, 2939];*
2413;[2407, 2581];[2222, 2939];[16, 2939];*
2414;[2407, 2581];[2222, 2939];[16, 2939];*
2415;[2407, 2581];[2222, 2939];[16, 2939];*
2416;[2407, 2581];[2222, 2939];[16, 2939];*
2417;[2407, 2581];[2222, 2939];[16, 2939];*
2419;[2407, 2581];[2222, 2939];[16, 2939];*
2420;[2407, 2581];[2222, 2939];[16, 2939];*
2421;[2407, 2581];[2222, 2939];[16, 2939];*
2422;[2407, 2581];[2222, 2939];[16, 2939];*
2423;[2407, 2581];[2222, 2939];[16, 2939];*
2424;[2407, 2581];[2222, 2939];[16, 2939];*
2425;[2407, 2581];[2222, 2939];[16, 2939];*
2426;[2407, 2581];[2222, 2939];[16, 2939];*
2427;[2407, 2581];[2222, 2939];[16, 2939];*
2428;[2407, 2581];[2222, 2939];[16, 2939];*
2429;[2407, 2581];[2222, 2939];[16, 2939];*
2430;[2407, 2581];[2222, 2939];[16, 2939];*
2431;[2407, 2581];[2222, 2939];[16, 2939];*
2432;[2407, 2581];[2222, 2939];[16, 2939];*
2434;[2407, 2581];[2222, 2939];[16, 2939];*
2435;[2407, 2581];[2222, 2939];[16, 2939];*
2436;[2407, 2581];[2222, 2939];[16, 2939];*
2437;[2407, 2581];[2222, 2939];[16, 2939];*
2438;[2407, 2581];[2222, 2939];[16, 2939];*
2439;[2407, 2581];[2222, 2939];[16, 2939];*
2440;[2407, 2581];[2222, 2939];[16, 2939];*
2441;[2407, 2581];[2222, 2939];[16, 2939];*
2442;[2407, 2581];[2222, 2939];[16, 2939];*
2443;[2407, 2581];[2222, 2939];[16, 2939];*
2444;[2407, 2581];[2222, 2939];[16, 2939];*
2445;[2407, 2581];[2222, 2939];[16, 2939];*
2446;[2407, 2581];[2222, 2939];[16, 2939];*
2447;[2407, 2581];[2222, 2939];[16, 2939];*
2448;[2407, 2581];[2222, 2939];[16, 2939];*
2449;[2407, 2581];[2222, 2939];[16, 2939];*
2450;[2407, 2581];[2222, 2939];[16, 2939];*
2451;[2407, 2581];[2222, 2939];[16, 2939];*
2452;[2407, 2581];[2222, 2939];[16, 2939];*
2454;[2407, 2581];[2222, 2939];[16, 2939];*
2455;[2407, 2581];[2222, 2939];[16, 2939];*
2456;[2407, 2581];[2222, 2939];[16, 2939];*
2457;[2407, 2581];[2222, 2939];[16, 2939];*
2458;[2407, 2581];[2222, 2939];[16, 2939];*
2459;[2407, 2581];[2222, 2939];[16, 2939];*
2462;[2407, 2581];[2222, 2939];[16, 2939];*
2463;[2407, 2581];[2222, 2939];[16, 2939];*
2464;[2407, 2581];[2222, 2939];[16, 2939];*
2466;[2407, 2581];[2222, 2939];[16, 2939];*
2467;[2407, 2581];[2222, 2939];[16, 2939];*
2468;[2407, 2581];[2222, 2939];[16, 2939];*
2469;[2407, 2581];[2222, 2939];[16, 2939];*
2470;[2407, 2581];[2222, 2939];[16, 2939];*
2471;[2407, 2581];[2222, 2939];[16, 2939];*
2472;[2407, 2581];[2222, 2939];[16, 2939];*
2473;[2407, 2581];[2222, 2939];[16, 2939];*
2475;[2407, 2581];[2222, 2939];[16, 2939];*
2476;[2407, 2581];[2222, 2939];[16, 2939];*
2478;[2407, 2581];[2222, 2939];[16, 2939];*
2479;[2407, 2581];[2222, 2939];[16, 2939];*
2480;[2407, 2581];[2222, 2939];[16, 2939];*
2481;[2407, 2581];[2222, 2939];[16, 2939];*
2482;[2407, 2581];[2222, 2939];[16, 2939];*
2483;[2407, 2581];[2222, 2939];[16, 2939];*
2484;[2407, 2581];[2222, 2939];[16, 2939];*
2485;[2407, 2581];[2222, 2939];[16, 2939];*
2486;[2407, 2581];[2222, 2939];[16, 2939];*
2488;[2407, 2581];[2222, 2939];[16, 2939];*
2489;[2407, 2581];[2222, 2939];[16, 2939];*
2490;[2407, 2581];[2222, 2939];[16, 2939];*
2491;[2407, 2581];[2222, 2939];[16, 2939];*
2492;[2407, 2581];[2222, 2939];[16, 2939];*
2494;[2407, 2581];[2222, 2939];[16, 2939];*
2495;[2407, 2581];[2222, 2939];[16, 2939];*
2496;[2407, 2581];[2222, 2939];[16, 2939];*
2497;[2407, 2581];[2222, 2939];[16, 2939];*
2498;[2407, 2581];[2222, 2939];[16, 2939];*
2499;[2407, 2581];[2222, 2939];[16, 2939];*
2500;[2407, 2581];[2222, 2939];[16, 2939];*
2501;[2407, 2581];[2222, 2939];[16, 2939];*
2502;[2407, 2581];[2222, 2939];[16, 2939];*
2503;[2407, 2581];[2222, 2939];[16, 2939];*
2506;[2407, 2581];[2222, 2939];[16, 2939];*
2508;[2407, 2581];[2222, 2939];[16, 2939];*
2509;[2407, 2581];[2222, 2939];[16, 2939];*
2510;[2407, 2581];[2222, 2939];[16, 2939];*
2511;[2407, 2581];[2222, 2939];[16, 2939];*
2512;[2407, 2581];[2222, 2939];[16, 2939];*
2513;[2407, 2581];[2222, 2939];[16, 2939];*
2514;[2407, 2581];[2222, 2939];[16, 2939];*
2515;[2407, 2581];[2222, 2939];[16, 2939];*
2516;[2407, 2581];[2222, 2939];[16, 2939];*
2517;[2407, 2581];[2222, 2939];[16, 2939];*
2518;[2407, 2581];[2222, 2939];[16, 2939];*
2519;[2407, 2581];[2222, 2939];[16, 2939];*
2520;[2407, 2581];[2222, 2939];[16, 2939];*
2521;[2407, 2581];[2222, 2939];[16, 2939];*
2522;[2407, 2581];[2222, 2939];[16, 2939];*
2523;[2407, 2581];[2222, 2939];[16, 2939];*
2524;[2407, 2581];[2222, 2939];[16, 2939];*
2525;[2407, 2581];[2222, 2939];[16, 2939];*
2526;[2407, 2581];[2222, 2939];[16, 2939];*
2527;[2407, 2581];[2222, 2939];[16, 2939];*
2528;[2407, 2581];[2222, 2939];[16, 2939];*
2531;[2407, 2581];[2222, 2939];[16, 2939];*
2532;[2407, 2581];[2222, 2939];[16, 2939];*
2533;[2407, 2581];[2222, 2939];[16, 2939];*
2534;[2407, 2581];[2222, 2939];[16, 2939];*
2535;[2407, 2581];[2222, 2939];[16, 2939];*
2536;[2407, 2581];[2222, 2939];[16, 2939];*
2537;[2407, 2581];[2222, 2939];[16, 2939];*
2538;[2407, 2581];[2222, 2939];[16, 2939];*
2539;[2407, 2581];[2222, 2939];[16, 2939];*
2540;[2407, 2581];[2222, 2939];[16, 2939];*
2542;[2407, 2581];[2222, 2939];[16, 2939];*
2543;[2407, 2581];[2222, 2939];[16, 2939];*
2545;[2407, 2581];[2222, 2939];[16, 2939];*
2546;[2407, 2581];[2222, 2939];[16, 2939];*
2548;[2407, 2581];[2222, 2939];[16, 2939];*
2549;[2407, 2581];[2222, 2939];[16, 2939];*
2550;[2407, 2581];[2222, 2939];[16, 2939];*
2551;[2407, 2581];[2222, 2939];[16, 2939];*
2552;[2407, 2581];[2222, 2939];[16, 2939];*
2553;[2407, 2581];[2222, 2939];[16, 2939];*
2554;[2407, 2581];[2222, 2939];[16, 2939];*
2555;[2407, 2581];[2222, 2939];[16, 2939];*
2556;[2407, 2581];[2222, 2939];[16, 2939];*
2558;[2407, 2581];[2222, 2939];[16, 2939];*
2559;[2407, 2581];[2222, 2939];[16, 2939];*
2560;[2407, 2581];[2222, 2939];[16, 2939];*
2561;[2407, 2581];[2222, 2939];[16, 2939];*
2562;[2407, 2581];[2222, 2939];[16, 2939];*
2563;[2407, 2581];[2222, 2939];[16, 2939];*
2564;[2407, 2581];[2222, 2939];[16, 2939];*
2566;[2407, 2581];[2222, 2939];[16, 2939];*
2567;[2407, 2581];[2222, 2939];[16, 2939];*
2569;[2407, 2581];[2222, 2939];[16, 2939];*
2571;[2407, 2581];[2222, 2939];[16, 2939];*
2572;[2407, 2581];[2222, 2939];[16, 2939];*
2573;[2407, 2581];[2222, 2939];[16, 2939];*
2574;[2407, 2581];[2222, 2939];[16, 2939];*
2575;[2407, 2581];[2222, 2939];[16, 2939];*
2576;[2407, 2581];[2222, 2939];[16, 2939];*
2577;[2407, 2581];[2222, 2939];[16, 2939];*
2578;[2407, 2581];[2222, 2939];[16, 2939];*
2580;[2407, 2581];[2222, 2939];[16, 2939];*
2581;[2407, 2581];[2222, 2939];[16, 2939];*
2582;[2582, 2762];[2222, 2939];[16, 2939];*
2583;[2582, 2762];[2222, 2939];[16, 2939];*
2584;[2582, 2762];[2222, 2939];[16, 2939];*
2586;[2582, 2762];[2222, 2939];[16, 2939];*
2587;[2582, 2762];[2222, 2939];[16, 2939];*
2588;[2582, 2762];[2222, 2939];[16, 2939];*
2589;[2582, 2762];[2222, 2939];[16, 2939];*
2591;[2582, 2762];[2222, 2939];[16, 2939];*
2593;[2582, 2762];[2222, 2939];[16, 2939];*
2594;[2582, 2762];[2222, 2939];[16, 2939];*
2596;[2582, 2762];[2222, 2939];[16, 2939];*
2597;[2582, 2762];[2222, 2939];[16, 2939];*
2598;[2582, 2762];[2222, 2939];[16, 2939];*
2600;[2582, 2762];[2222, 2939];[16, 2939];*
2602;[2582, 2762];[2222, 2939];[16, 2939];*
2603;[2582, 2762];[2222, 2939];[16, 2939];*
2604;[2582, 2762];[2222, 2939];[16, 2939];*
2605;[2582, 2762];[2222, 2939];[16, 2939];*
2606;[2582, 2762];[2222, 2939];[16, 2939];*
2607;[2582, 2762];[2222, 2939];[16, 2939];*
2608;[2582, 2762];[2222, 2939];[16, 2939];*
2609;[2582, 2762];[2222, 2939];[16, 2939];*
2612;[2582, 2762];[2222, 2939];[16, 2939];*
2613;[2582, 2762];[2222, 2939];[16, 2939];*
2614;[2582, 2762];[2222, 2939];[16, 2939];*
2616;[2582, 2762];[2222, 2939];[16, 2939];*
2617;[2582, 2762];[2222, 2939];[16, 2939];*
2618;[2582, 2762];[2222, 2939];[16, 2939];*
2619;[2582, 2762];[2222, 2939];[16, 2939];*
2620;[2582, 2762];[2222, 2939];[16, 2939];*
2621;[2582, 2762];[2222, 2939];[16, 2939];*
2623;[2582, 2762];[2222, 2939];[16, 2939];*
2624;[2582, 2762];[2222, 2939];[16, 2939];*
2625;[2582, 2762];[2222, 2939];[16, 2939];*
2627;[2582, 2762];[2222, 2939];[16, 2939];*
2628;[2582, 2762];[2222, 2939];[16, 2939];*
2629;[2582, 2762];[2222, 2939];[16, 2939];*
2631;[2582, 2762];[2222, 2939];[16, 2939];*
2632;[2582, 2762];[2222, 2939];[16, 2939];*
2633;[2582, 2762];[2222, 2939];[16, 2939];*
2637;[2582, 2762];[2222, 2939];[16, 2939];*
2638;[2582, 2762];[2222, 2939];[16, 2939];*
2639;[2582, 2762];[2222, 2939];[16, 2939];*
2640;[2582, 2762];[2222, 2939];[16, 2939];*
2641;[2582, 2762];[2222, 2939];[16, 2939];*
2642;[2582, 2762];[2222, 2939];[16, 2939];*
2643;[2582, 2762];[2222, 2939];[16, 2939];*
2644;[2582, 2762];[2222, 2939];[16, 2939];*
2645;[2582, 2762];[2222, 2939];[16, 2939];*
2646;[2582, 2762];[2222, 2939];[16, 2939];*
2647;[2582, 2762];[2222, 2939];[16, 2939];*
2648;[2582, 2762];[2222, 2939];[16, 2939];*
2649;[2582, 2762];[2222, 2939];[16, 2939];*
2650;[2582, 2762];[2222, 2939];[16, 2939];*
2651;[2582, 2762];[2222, 2939];[16, 2939];*
2652;[2582, 2762];[2222, 2939];[16, 2939];*
2653;[2582, 2762];[2222, 2939];[16, 2939];*
2655;[2582, 2762];[2222, 2939];[16, 2939];*
2656;[2582, 2762];[2222, 2939];[16, 2939];*
2657;[2582, 2762];[2222, 2939];[16, 2939];*
2658;[2582, 2762];[2222, 2939];[16, 2939];*
2659;[2582, 2762];[2222, 2939];[16, 2939];*
2660;[2582, 2762];[2222, 2939];[16, 2939];*
2661;[2582, 2762];[2222, 2939];[16, 2939];*
2662;[2582, 2762];[2222, 2939];[16, 2939];*
2663;[2582, 2762];[2222, 2939];[16, 2939];*
2664;[2582, 2762];[2222, 2939];[16, 2939];*
2665;[2582, 2762];[2222, 2939];[16, 2939];*
2666;[2582, 2762];[2222, 2939];[16, 2939];*
2667;[2582, 2762];[2222, 2939];[16, 2939];*
2668;[2582, 2762];[2222, 2939];[16, 2939];*
2669;[2582, 2762];[2222, 2939];[16, 2939];*
2672;[2582, 2762];[2222, 2939];[16, 2939];*
2673;[2582, 2762];[2222, 2939];[16, 2939];*
2674;[2582, 2762];[2222, 2939];[16, 2939];*
2675;[2582, 2762];[2222, 2939];[16, 2939];*
2676;[2582, 2762];[2222, 2939];[16, 2939];*
2677;[2582, 2762];[2222, 2939];[16, 2939];*
2678;[2582, 2762];[2222, 2939];[16, 2939];*
2679;[2582, 2762];[2222, 2939];[16, 2939];*
2680;[2582, 2762];[2222, 2939];[16, 2939];*
2681;[2582, 2762];[2222, 2939];[16, 2939];*
2682;[2582, 2762];[2222, 2939];[16, 2939];*
2683;[2582, 2762];[2222, 2939];[16, 2939];*
2685;[2582, 2762];[2222, 2939];[16, 2939];*
2686;[2582, 2762];[2222, 2939];[16, 2939];*
2688;[2582, 2762];[2222, 2939];[16, 2939];*
2690;[2582, 2762];[2222, 2939];[16, 2939];*
2691;[2582, 2762];[2222, 2939];[16, 2939];*
2692;[2582, 2762];[2222, 2939];[16, 2939];*
2693;[2582, 2762];[2222, 2939];[16, 2939];*
2694;[2582, 2762];[2222, 2939];[16, 2939];*
2695;[2582, 2762];[2222, 2939];[16, 2939];*
2696;[2582, 2762];[2222, 2939];[16, 2939];*
2697;[2582, 2762];[2222, 2939];[16, 2939];*
2698;[2582, 2762];[2222, 2939];[16, 2939];*
2699;[2582, 2762];[2222, 2939];[16, 2939];*
2700;[2582, 2762];[2222, 2939];[16, 2939];*
2701;[2582, 2762];[2222, 2939];[16, 2939];*
2702;[2582, 2762];[2222, 2939];[16, 2939];*
2704;[2582, 2762];[2222, 2939];[16, 2939];*
2705;[2582, 2762];[2222, 2939];[16, 2939];*
2706;[2582, 2762];[2222, 2939];[16, 2939];*
2707;[2582, 2762];[2222, 2939];[16, 2939];*
2708;[2582, 2762];[2222, 2939];[16, 2939];*
2709;[2582, 2762];[2222, 2939];[16, 2939];*
2710;[2582, 2762];[2222, 2939];[16, 2939];*
2711;[2582, 2762];[2222, 2939];[16, 2939];*
2712;[2582, 2762];[2222, 2939];[16, 2939];*
2713;[2582, 2762];[2222, 2939];[16, 2939];*
2714;[2582, 2762];[2222, 2939];[16, 2939];*
2715;[2582, 2762];[2222, 2939];[16, 2939];*
2716;[2582, 2762];[2222, 2939];[16, 2939];*
2717;[2582, 2762];[2222, 2939];[16, 2939];*
2718;[2582, 2762];[2222, 2939];[16, 2939];*
2719;[2582, 2762];[2222, 2939];[16, 2939];*
2720;[2582, 2762];[2222, 2939];[16, 2939];*
2721;[2582, 2762];[2222, 2939];[16, 2939];*
2722;[2582, 2762];[2222, 2939];[16, 2939];*
2723;[2582, 2762];[2222, 2939];[16, 2939];*
2726;[2582, 2762];[2222, 2939];[16, 2939];*
2727;[2582, 2762];[2222, 2939];[16, 2939];*
2729;[2582, 2762];[2222, 2939];[16, 2939];*
2730;[2582, 2762];[2222, 2939];[16, 2939];*
2731;[2582, 2762];[2222, 2939];[16, 2939];*
2732;[2582, 2762];[2222, 2939];[16, 2939];*
2733;[2582, 2762];[2222, 2939];[16, 2939];*
2734;[2582, 2762];[2222, 2939];[16, 2939];*
2735;[2582, 2762];[2222, 2939];[16, 2939];*
2736;[2582, 2762];[2222, 2939];[16, 2939];*
2737;[2582, 2762];[2222, 2939];[16, 2939];*
2738;[2582, 2762];[2222, 2939];[16, 2939];*
2739;[2582, 2762];[2222, 2939];[16, 2939];*
2740;[2582, 2762];[2222, 2939];[16, 2939];*
2741;[2582, 2762];[2222, 2939];[16, 2939];*
2743;[2582, 2762];[2222, 2939];[16, 2939];*
2744;[2582, 2762];[2222, 2939];[16, 2939];*
2747;[2582, 2762];[2222, 2939];[16, 2939];*
2749;[2582, 2762];[2222, 2939];[16, 2939];*
2750;[2582, 2762];[2222, 2939];[16, 2939];*
2751;[2582, 2762];[2222, 2939];[16, 2939];*
2752;[2582, 2762];[2222, 2939];[16, 2939];*
2753;[2582, 2762];[2222, 2939];[16, 2939];*
2754;[2582, 2762];[2222, 2939];[16, 2939];*
2755;[2582, 2762];[2222, 2939];[16, 2939];*
2756;[2582, 2762];[2222, 2939];[16, 2939];*
2757;[2582, 2762];[2222, 2939];[16, 2939];*
2758;[2582, 2762];[2222, 2939];[16, 2939];*
2759;[2582, 2762];[2222, 2939];[16, 2939];*
2760;[2582, 2762];[2222, 2939];[16, 2939];*
2761;[2582, 2762];[2222, 2939];[16, 2939];*
2762;[2582, 2762];[2222, 2939];[16, 2939];*
2763;[2763, 2939];[2222, 2939];[16, 2939];*
2764;[2763, 2939];[2222, 2939];[16, 2939];*
2765;[2763, 2939];[2222, 2939];[16, 2939];*
2766;[2763, 2939];[2222, 2939];[16, 2939];*
2767;[2763, 2939];[2222, 2939];[16, 2939];*
2768;[2763, 2939];[2222, 2939];[16, 2939];*
2769;[2763, 2939];[2222, 2939];[16, 2939];*
2770;[2763, 2939];[2222, 2939];[16, 2939];*
2772;[2763, 2939];[2222, 2939];[16, 2939];*
2774;[2763, 2939];[2222, 2939];[16, 2939];*
2776;[2763, 2939];[2222, 2939];[16, 2939];*
2777;[2763, 2939];[2222, 2939];[16, 2939];*
2778;[2763, 2939];[2222, 2939];[16, 2939];*
2779;[2763, 2939];[2222, 2939];[16, 2939];*
2780;[2763, 2939];[2222, 2939];[16, 2939];*
2781;[2763, 2939];[2222, 2939];[16, 2939];*
2782;[2763, 2939];[2222, 2939];[16, 2939];*
2786;[2763, 2939];[2222, 2939];[16, 2939];*
2787;[2763, 2939];[2222, 2939];[16, 2939];*
2788;[2763, 2939];[2222, 2939];[16, 2939];*
2790;[2763, 2939];[2222, 2939];[16, 2939];*
2791;[2763, 2939];[2222, 2939];[16, 2939];*
2792;[2763, 2939];[2222, 2939];[16, 2939];*
2793;[2763, 2939];[2222, 2939];[16, 2939];*
2794;[2763, 2939];[2222, 2939];[16, 2939];*
2795;[2763, 2939];[2222, 2939];[16, 2939];*
2796;[2763, 2939];[2222, 2939];[16, 2939];*
2797;[2763, 2939];[2222, 2939];[16, 2939];*
2798;[2763, 2939];[2222, 2939];[16, 2939];*
2799;[2763, 2939];[2222, 2939];[16, 2939];*
2800;[2763, 2939];[2222, 2939];[16, 2939];*
2801;[2763, 2939];[2222, 2939];[16, 2939];*
2802;[2763, 2939];[2222, 2939];[16, 2939];*
2803;[2763, 2939];[2222, 2939];[16, 2939];*
2804;[2763, 2939];[2222, 2939];[16, 2939];*
2805;[2763, 2939];[2222, 2939];[16, 2939];*
2806;[2763, 2939];[2222, 2939];[16, 2939];*
2807;[2763, 2939];[2222, 2939];[16, 2939];*
2808;[2763, 2939];[2222, 2939];[16, 2939];*
2809;[2763, 2939];[2222, 2939];[16, 2939];*
2810;[2763, 2939];[2222, 2939];[16, 2939];*
2811;[2763, 2939];[2222, 2939];[16, 2939];*
2813;[2763, 2939];[2222, 2939];[16, 2939];*
2814;[2763, 2939];[2222, 2939];[16, 2939];*
2815;[2763, 2939];[2222, 2939];[16, 2939];*
2816;[2763, 2939];[2222, 2939];[16, 2939];*
2817;[2763, 2939];[2222, 2939];[16, 2939];*
2818;[2763, 2939];[2222, 2939];[16, 2939];*
2819;[2763, 2939];[2222, 2939];[16, 2939];*
2820;[2763, 2939];[2222, 2939];[16, 2939];*
2821;[2763, 2939];[2222, 2939];[16, 2939];*
2822;[2763, 2939];[2222, 2939];[16, 2939];*
2823;[2763, 2939];[2222, 2939];[16, 2939];*
2824;[2763, 2939];[2222, 2939];[16, 2939];*
2825;[2763, 2939];[2222, 2939];[16, 2939];*
2826;[2763, 2939];[2222, 2939];[16, 2939];*
2827;[2763, 2939];[2222, 2939];[16, 2939];*
2828;[2763, 2939];[2222, 2939];[16, 2939];*
2829;[2763, 2939];[2222, 2939];[16, 2939];*
2830;[2763, 2939];[2222, 2939];[16, 2939];*
2831;[2763, 2939];[2222, 2939];[16, 2939];*
2832;[2763, 2939];[2222, 2939];[16, 2939];*
2833;[2763, 2939];[2222, 2939];[16, 2939];*
2834;[2763, 2939];[2222, 2939];[16, 2939];*
2835;[2763, 2939];[2222, 2939];[16, 2939];*
2836;[2763, 2939];[2222, 2939];[16, 2939];*
2837;[2763, 2939];[2222, 2939];[16, 2939];*
2838;[2763, 2939];[2222, 2939];[16, 2939];*
2839;[2763, 2939];[2222, 2939];[16, 2939];*
2840;[2763, 2939];[2222, 2939];[16, 2939];*
2841;[2763, 2939];[2222, 2939];[16, 2939];*
2842;[2763, 2939];[2222, 2939];[16, 2939];*
2843;[2763, 2939];[2222, 2939];[16, 2939];*
2844;[2763, 2939];[2222, 2939];[16, 2939];*
2845;[2763, 2939];[2222, 2939];[16, 2939];*
2846;[2763, 2939];[2222, 2939];[16, 2939];*
2847;[2763, 2939];[2222, 2939];[16, 2939];*
2848;[2763, 2939];[2222, 2939];[16, 2939];*
2849;[2763, 2939];[2222, 2939];[16, 2939];*
2850;[2763, 2939];[2222, 2939];[16, 2939];*
2851;[2763, 2939];[2222, 2939];[16, 2939];*
2852;[2763, 2939];[2222, 2939];[16, 2939];*
2853;[2763, 2939];[2222, 2939];[16, 2939];*
2854;[2763, 2939];[2222, 2939];[16, 2939];*
2855;[2763, 2939];[2222, 2939];[16, 2939];*
2856;[2763, 2939];[2222, 2939];[16, 2939];*
2857;[2763, 2939];[2222, 2939];[16, 2939];*
2858;[2763, 2939];[2222, 2939];[16, 2939];*
2859;[2763, 2939];[2222, 2939];[16, 2939];*
2860;[2763, 2939];[2222, 2939];[16, 2939];*
2863;[2763, 2939];[2222, 2939];[16, 2939];*
2864;[2763, 2939];[2222, 2939];[16, 2939];*
2865;[2763, 2939];[2222, 2939];[16, 2939];*
2866;[2763, 2939];[2222, 2939];[16, 2939];*
2867;[2763, 2939];[2222, 2939];[16, 2939];*
2868;[2763, 2939];[2222, 2939];[16, 2939];*
2869;[2763, 2939];[2222, 2939];[16, 2939];*
2870;[2763, 2939];[2222, 2939];[16, 2939];*
2871;[2763, 2939];[2222, 2939];[16, 2939];*
2872;[2763, 2939];[2222, 2939];[16, 2939];*
2873;[2763, 2939];[2222, 2939];[16, 2939];*
2874;[2763, 2939];[2222, 2939];[16, 2939];*
2875;[2763, 2939];[2222, 2939];[16, 2939];*
2876;[2763, 2939];[2222, 2939];[16, 2939];*
2877;[2763, 2939];[2222, 2939];[16, 2939];*
2878;[2763, 2939];[2222, 2939];[16, 2939];*
2879;[2763, 2939];[2222, 2939];[16, 2939];*
2880;[2763, 2939];[2222, 2939];[16, 2939];*
2881;[2763, 2939];[2222, 2939];[16, 2939];*
2882;[2763, 2939];[2222, 2939];[16, 2939];*
2883;[2763, 2939];[2222, 2939];[16, 2939];*
2884;[2763, 2939];[2222, 2939];[16, 2939];*
2886;[2763, 2939];[2222, 2939];[16, 2939];*
2887;[2763, 2939];[2222, 2939];[16, 2939];*
2888;[2763, 2939];[2222, 2939];[16, 2939];*
2889;[2763, 2939];[2222, 2939];[16, 2939];*
2891;[2763, 2939];[2222, 2939];[16, 2939];*
2895;[2763, 2939];[2222, 2939];[16, 2939];*
2896;[2763, 2939];[2222, 2939];[16, 2939];*
2897;[2763, 2939];[2222, 2939];[16, 2939];*
2898;[2763, 2939];[2222, 2939];[16, 2939];*
2900;[2763, 2939];[2222, 2939];[16, 2939];*
2902;[2763, 2939];[2222, 2939];[16, 2939];*
2904;[2763, 2939];[2222, 2939];[16, 2939];*
2905;[2763, 2939];[2222, 2939];[16, 2939];*
2906;[2763, 2939];[2222, 2939];[16, 2939];*
2907;[2763, 2939];[2222, 2939];[16, 2939];*
2908;[2763, 2939];[2222, 2939];[16, 2939];*
2909;[2763, 2939];[2222, 2939];[16, 2939];*
2910;[2763, 2939];[2222, 2939];[16, 2939];*
2911;[2763, 2939];[2222, 2939];[16, 2939];*
2914;[2763, 2939];[2222, 2939];[16, 2939];*
2915;[2763, 2939];[2222, 2939];[16, 2939];*
2916;[2763, 2939];[2222, 2939];[16, 2939];*
2919;[2763, 2939];[2222, 2939];[16, 2939];*
2920;[2763, 2939];[2222, 2939];[16, 2939];*
2921;[2763, 2939];[2222, 2939];[16, 2939];*
2922;[2763, 2939];[2222, 2939];[16, 2939];*
2923;[2763, 2939];[2222, 2939];[16, 2939];*
2924;[2763, 2939];[2222, 2939];[16, 2939];*
2925;[2763, 2939];[2222, 2939];[16, 2939];*
2926;[2763, 2939];[2222, 2939];[16, 2939];*
2927;[2763, 2939];[2222, 2939];[16, 2939];*
2928;[2763, 2939];[2222, 2939];[16, 2939];*
2930;[2763, 2939];[2222, 2939];[16, 2939];*
2931;[2763, 2939];[2222, 2939];[16, 2939];*
2932;[2763, 2939];[2222, 2939];[16, 2939];*
2933;[2763, 2939];[2222, 2939];[16, 2939];*
2934;[2763, 2939];[2222, 2939];[16, 2939];*
2935;[2763, 2939];[2222, 2939];[16, 2939];*
2936;[2763, 2939];[2222, 2939];[16, 2939];*
2937;[2763, 2939];[2222, 2939];[16, 2939];*
2938;[2763, 2939];[2222, 2939];[16, 2939];*
2939;[2763, 2939];[2222, 2939];[16, 2939];*
2940;[2940, 3122];[2940, 3650];[2940, 10509];*
2941;[2940, 3122];[2940, 3650];[2940, 10509];*
2942;[2940, 3122];[2940, 3650];[2940, 10509];*
2943;[2940, 3122];[2940, 3650];[2940, 10509];*
2944;[2940, 3122];[2940, 3650];[2940, 10509];*
2945;[2940, 3122];[2940, 3650];[2940, 10509];*
2946;[2940, 3122];[2940, 3650];[2940, 10509];*
2948;[2940, 3122];[2940, 3650];[2940, 10509];*
2949;[2940, 3122];[2940, 3650];[2940, 10509];*
2951;[2940, 3122];[2940, 3650];[2940, 10509];*
2952;[2940, 3122];[2940, 3650];[2940, 10509];*
2953;[2940, 3122];[2940, 3650];[2940, 10509];*
2954;[2940, 3122];[2940, 3650];[2940, 10509];*
2955;[2940, 3122];[2940, 3650];[2940, 10509];*
2957;[2940, 3122];[2940, 3650];[2940, 10509];*
2958;[2940, 3122];[2940, 3650];[2940, 10509];*
2959;[2940, 3122];[2940, 3650];[2940, 10509];*
2961;[2940, 3122];[2940, 3650];[2940, 10509];*
2963;[2940, 3122];[2940, 3650];[2940, 10509];*
2964;[2940, 3122];[2940, 3650];[2940, 10509];*
2965;[2940, 3122];[2940, 3650];[2940, 10509];*
2966;[2940, 3122];[2940, 3650];[2940, 10509];*
2967;[2940, 3122];[2940, 3650];[2940, 10509];*
2968;[2940, 3122];[2940, 3650];[2940, 10509];*
2969;[2940, 3122];[2940, 3650];[2940, 10509];*
2970;[2940, 3122];[2940, 3650];[2940, 10509];*
2971;[2940, 3122];[2940, 3650];[2940, 10509];*
2972;[2940, 3122];[2940, 3650];[2940, 10509];*
2973;[2940, 3122];[2940, 3650];[2940, 10509];*
2975;[2940, 3122];[2940, 3650];[2940, 10509];*
2976;[2940, 3122];[2940, 3650];[2940, 10509];*
2977;[2940, 3122];[2940, 3650];[2940, 10509];*
2978;[2940, 3122];[2940, 3650];[2940, 10509];*
2979;[2940, 3122];[2940, 3650];[2940, 10509];*
2980;[2940, 3122];[2940, 3650];[2940, 10509];*
2981;[2940, 3122];[2940, 3650];[2940, 10509];*
2982;[2940, 3122];[2940, 3650];[2940, 10509];*
2983;[2940, 3122];[2940, 3650];[2940, 10509];*
2984;[2940, 3122];[2940, 3650];[2940, 10509];*
2985;[2940, 3122];[2940, 3650];[2940, 10509];*
2986;[2940, 3122];[2940, 3650];[2940, 10509];*
2988;[2940, 3122];[2940, 3650];[2940, 10509];*
2989;[2940, 3122];[2940, 3650];[2940, 10509];*
2990;[2940, 3122];[2940, 3650];[2940, 10509];*
2991;[2940, 3122];[2940, 3650];[2940, 10509];*
2992;[2940, 3122];[2940, 3650];[2940, 10509];*
2993;[2940, 3122];[2940, 3650];[2940, 10509];*
2996;[2940, 3122];[2940, 3650];[2940, 10509];*
2998;[2940, 3122];[2940, 3650];[2940, 10509];*
2999;[2940, 3122];[2940, 3650];[2940, 10509];*
3000;[2940, 3122];[2940, 3650];[2940, 10509];*
3001;[2940, 3122];[2940, 3650];[2940, 10509];*
3002;[2940, 3122];[2940, 3650];[2940, 10509];*
3003;[2940, 3122];[2940, 3650];[2940, 10509];*
3004;[2940, 3122];[2940, 3650];[2940, 10509];*
3005;[2940, 3122];[2940, 3650];[2940, 10509];*
3006;[2940, 3122];[2940, 3650];[2940, 10509];*
3007;[2940, 3122];[2940, 3650];[2940, 10509];*
3009;[2940, 3122];[2940, 3650];[2940, 10509];*
3010;[2940, 3122];[2940, 3650];[2940, 10509];*
3013;[2940, 3122];[2940, 3650];[2940, 10509];*
3014;[2940, 3122];[2940, 3650];[2940, 10509];*
3015;[2940, 3122];[2940, 3650];[2940, 10509];*
3016;[2940, 3122];[2940, 3650];[2940, 10509];*
3017;[2940, 3122];[2940, 3650];[2940, 10509];*
3018;[2940, 3122];[2940, 3650];[2940, 10509];*
3019;[2940, 3122];[2940, 3650];[2940, 10509];*
3022;[2940, 3122];[2940, 3650];[2940, 10509];*
3023;[2940, 3122];[2940, 3650];[2940, 10509];*
3024;[2940, 3122];[2940, 3650];[2940, 10509];*
3026;[2940, 3122];[2940, 3650];[2940, 10509];*
3028;[2940, 3122];[2940, 3650];[2940, 10509];*
3029;[2940, 3122];[2940, 3650];[2940, 10509];*
3030;[2940, 3122];[2940, 3650];[2940, 10509];*
3031;[2940, 3122];[2940, 3650];[2940, 10509];*
3032;[2940, 3122];[2940, 3650];[2940, 10509];*
3033;[2940, 3122];[2940, 3650];[2940, 10509];*
3034;[2940, 3122];[2940, 3650];[2940, 10509];*
3035;[2940, 3122];[2940, 3650];[2940, 10509];*
3036;[2940, 3122];[2940, 3650];[2940, 10509];*
3037;[2940, 3122];[2940, 3650];[2940, 10509];*
3038;[2940, 3122];[2940, 3650];[2940, 10509];*
3039;[2940, 3122];[2940, 3650];[2940, 10509];*
3040;[2940, 3122];[2940, 3650];[2940, 10509];*
3041;[2940, 3122];[2940, 3650];[2940, 10509];*
3042;[2940, 3122];[2940, 3650];[2940, 10509];*
3043;[2940, 3122];[2940, 3650];[2940, 10509];*
3044;[2940, 3122];[2940, 3650];[2940, 10509];*
3045;[2940, 3122];[2940, 3650];[2940, 10509];*
3046;[2940, 3122];[2940, 3650];[2940, 10509];*
3047;[2940, 3122];[2940, 3650];[2940, 10509];*
3048;[2940, 3122];[2940, 3650];[2940, 10509];*
3049;[2940, 3122];[2940, 3650];[2940, 10509];*
3050;[2940, 3122];[2940, 3650];[2940, 10509];*
3051;[2940, 3122];[2940, 3650];[2940, 10509];*
3052;[2940, 3122];[2940, 3650];[2940, 10509];*
3053;[2940, 3122];[2940, 3650];[2940, 10509];*
3055;[2940, 3122];[2940, 3650];[2940, 10509];*
3056;[2940, 3122];[2940, 3650];[2940, 10509];*
3057;[2940, 3122];[2940, 3650];[2940, 10509];*
3058;[2940, 3122];[2940, 3650];[2940, 10509];*
3059;[2940, 3122];[2940, 3650];[2940, 10509];*
3060;[2940, 3122];[2940, 3650];[2940, 10509];*
3061;[2940, 3122];[2940, 3650];[2940, 10509];*
3062;[2940, 3122];[2940, 3650];[2940, 10509];*
3063;[2940, 3122];[2940, 3650];[2940, 10509];*
3064;[2940, 3122];[2940, 3650];[2940, 10509];*
3065;[2940, 3122];[2940, 3650];[2940, 10509];*
3066;[2940, 3122];[2940, 3650];[2940, 10509];*
3069;[2940, 3122];[2940, 3650];[2940, 10509];*
3070;[2940, 3122];[2940, 3650];[2940, 10509];*
3072;[2940, 3122];[2940, 3650];[2940, 10509];*
3073;[2940, 3122];[2940, 3650];[2940, 10509];*
3074;[2940, 3122];[2940, 3650];[2940, 10509];*
3075;[2940, 3122];[2940, 3650];[2940, 10509];*
3076;[2940, 3122];[2940, 3650];[2940, 10509];*
3079;[2940, 3122];[2940, 3650];[2940, 10509];*
3080;[2940, 3122];[2940, 3650];[2940, 10509];*
3081;[2940, 3122];[2940, 3650];[2940, 10509];*
3082;[2940, 3122];[2940, 3650];[2940, 10509];*
3083;[2940, 3122];[2940, 3650];[2940, 10509];*
3084;[2940, 3122];[2940, 3650];[2940, 10509];*
3085;[2940, 3122];[2940, 3650];[2940, 10509];*
3086;[2940, 3122];[2940, 3650];[2940, 10509];*
3087;[2940, 3122];[2940, 3650];[2940, 10509];*
3088;[2940, 3122];[2940, 3650];[2940, 10509];*
3089;[2940, 3122];[2940, 3650];[2940, 10509];*
3090;[2940, 3122];[2940, 3650];[2940, 10509];*
3092;[2940, 3122];[2940, 3650];[2940, 10509];*
3093;[2940, 3122];[2940, 3650];[2940, 10509];*
3094;[2940, 3122];[2940, 3650];[2940, 10509];*
3095;[2940, 3122];[2940, 3650];[2940, 10509];*
3096;[2940, 3122];[2940, 3650];[2940, 10509];*
3097;[2940, 3122];[2940, 3650];[2940, 10509];*
3098;[2940, 3122];[2940, 3650];[2940, 10509];*
3100;[2940, 3122];[2940, 3650];[2940, 10509];*
3101;[2940, 3122];[2940, 3650];[2940, 10509];*
3103;[2940, 3122];[2940, 3650];[2940, 10509];*
3104;[2940, 3122];[2940, 3650];[2940, 10509];*
3106;[2940, 3122];[2940, 3650];[2940, 10509];*
3107;[2940, 3122];[2940, 3650];[2940, 10509];*
3109;[2940, 3122];[2940, 3650];[2940, 10509];*
3110;[2940, 3122];[2940, 3650];[2940, 10509];*
3111;[2940, 3122];[2940, 3650];[2940, 10509];*
3112;[2940, 3122];[2940, 3650];[2940, 10509];*
3113;[2940, 3122];[2940, 3650];[2940, 10509];*
3114;[2940, 3122];[2940, 3650];[2940, 10509];*
3115;[2940, 3122];[2940, 3650];[2940, 10509];*
3116;[2940, 3122];[2940, 3650];[2940, 10509];*
3118;[2940, 3122];[2940, 3650];[2940, 10509];*
3121;[2940, 3122];[2940, 3650];[2940, 10509];*
3122;[2940, 3122];[2940, 3650];[2940, 10509];*
3123;[3123, 3293];[2940, 3650];[2940, 10509];*
3124;[3123, 3293];[2940, 3650];[2940, 10509];*
3125;[3123, 3293];[2940, 3650];[2940, 10509];*
3126;[3123, 3293];[2940, 3650];[2940, 10509];*
3128;[3123, 3293];[2940, 3650];[2940, 10509];*
3129;[3123, 3293];[2940, 3650];[2940, 10509];*
3130;[3123, 3293];[2940, 3650];[2940, 10509];*
3131;[3123, 3293];[2940, 3650];[2940, 10509];*
3132;[3123, 3293];[2940, 3650];[2940, 10509];*
3133;[3123, 3293];[2940, 3650];[2940, 10509];*
3134;[3123, 3293];[2940, 3650];[2940, 10509];*
3135;[3123, 3293];[2940, 3650];[2940, 10509];*
3137;[3123, 3293];[2940, 3650];[2940, 10509];*
3138;[3123, 3293];[2940, 3650];[2940, 10509];*
3139;[3123, 3293];[2940, 3650];[2940, 10509];*
3140;[3123, 3293];[2940, 3650];[2940, 10509];*
3141;[3123, 3293];[2940, 3650];[2940, 10509];*
3142;[3123, 3293];[2940, 3650];[2940, 10509];*
3143;[3123, 3293];[2940, 3650];[2940, 10509];*
3144;[3123, 3293];[2940, 3650];[2940, 10509];*
3145;[3123, 3293];[2940, 3650];[2940, 10509];*
3146;[3123, 3293];[2940, 3650];[2940, 10509];*
3147;[3123, 3293];[2940, 3650];[2940, 10509];*
3148;[3123, 3293];[2940, 3650];[2940, 10509];*
3149;[3123, 3293];[2940, 3650];[2940, 10509];*
3150;[3123, 3293];[2940, 3650];[2940, 10509];*
3151;[3123, 3293];[2940, 3650];[2940, 10509];*
3152;[3123, 3293];[2940, 3650];[2940, 10509];*
3153;[3123, 3293];[2940, 3650];[2940, 10509];*
3154;[3123, 3293];[2940, 3650];[2940, 10509];*
3155;[3123, 3293];[2940, 3650];[2940, 10509];*
3156;[3123, 3293];[2940, 3650];[2940, 10509];*
3158;[3123, 3293];[2940, 3650];[2940, 10509];*
3159;[3123, 3293];[2940, 3650];[2940, 10509];*
3160;[3123, 3293];[2940, 3650];[2940, 10509];*
3162;[3123, 3293];[2940, 3650];[2940, 10509];*
3163;[3123, 3293];[2940, 3650];[2940, 10509];*
3164;[3123, 3293];[2940, 3650];[2940, 10509];*
3165;[3123, 3293];[2940, 3650];[2940, 10509];*
3167;[3123, 3293];[2940, 3650];[2940, 10509];*
3168;[3123, 3293];[2940, 3650];[2940, 10509];*
3169;[3123, 3293];[2940, 3650];[2940, 10509];*
3170;[3123, 3293];[2940, 3650];[2940, 10509];*
3172;[3123, 3293];[2940, 3650];[2940, 10509];*
3173;[3123, 3293];[2940, 3650];[2940, 10509];*
3176;[3123, 3293];[2940, 3650];[2940, 10509];*
3177;[3123, 3293];[2940, 3650];[2940, 10509];*
3178;[3123, 3293];[2940, 3650];[2940, 10509];*
3179;[3123, 3293];[2940, 3650];[2940, 10509];*
3180;[3123, 3293];[2940, 3650];[2940, 10509];*
3182;[3123, 3293];[2940, 3650];[2940, 10509];*
3183;[3123, 3293];[2940, 3650];[2940, 10509];*
3186;[3123, 3293];[2940, 3650];[2940, 10509];*
3187;[3123, 3293];[2940, 3650];[2940, 10509];*
3188;[3123, 3293];[2940, 3650];[2940, 10509];*
3189;[3123, 3293];[2940, 3650];[2940, 10509];*
3190;[3123, 3293];[2940, 3650];[2940, 10509];*
3191;[3123, 3293];[2940, 3650];[2940, 10509];*
3192;[3123, 3293];[2940, 3650];[2940, 10509];*
3193;[3123, 3293];[2940, 3650];[2940, 10509];*
3194;[3123, 3293];[2940, 3650];[2940, 10509];*
3195;[3123, 3293];[2940, 3650];[2940, 10509];*
3197;[3123, 3293];[2940, 3650];[2940, 10509];*
3199;[3123, 3293];[2940, 3650];[2940, 10509];*
3200;[3123, 3293];[2940, 3650];[2940, 10509];*
3201;[3123, 3293];[2940, 3650];[2940, 10509];*
3202;[3123, 3293];[2940, 3650];[2940, 10509];*
3203;[3123, 3293];[2940, 3650];[2940, 10509];*
3205;[3123, 3293];[2940, 3650];[2940, 10509];*
3206;[3123, 3293];[2940, 3650];[2940, 10509];*
3207;[3123, 3293];[2940, 3650];[2940, 10509];*
3208;[3123, 3293];[2940, 3650];[2940, 10509];*
3209;[3123, 3293];[2940, 3650];[2940, 10509];*
3210;[3123, 3293];[2940, 3650];[2940, 10509];*
3211;[3123, 3293];[2940, 3650];[2940, 10509];*
3212;[3123, 3293];[2940, 3650];[2940, 10509];*
3213;[3123, 3293];[2940, 3650];[2940, 10509];*
3214;[3123, 3293];[2940, 3650];[2940, 10509];*
3215;[3123, 3293];[2940, 3650];[2940, 10509];*
3216;[3123, 3293];[2940, 3650];[2940, 10509];*
3217;[3123, 3293];[2940, 3650];[2940, 10509];*
3218;[3123, 3293];[2940, 3650];[2940, 10509];*
3219;[3123, 3293];[2940, 3650];[2940, 10509];*
3220;[3123, 3293];[2940, 3650];[2940, 10509];*
3221;[3123, 3293];[2940, 3650];[2940, 10509];*
3222;[3123, 3293];[2940, 3650];[2940, 10509];*
3223;[3123, 3293];[2940, 3650];[2940, 10509];*
3224;[3123, 3293];[2940, 3650];[2940, 10509];*
3225;[3123, 3293];[2940, 3650];[2940, 10509];*
3226;[3123, 3293];[2940, 3650];[2940, 10509];*
3227;[3123, 3293];[2940, 3650];[2940, 10509];*
3228;[3123, 3293];[2940, 3650];[2940, 10509];*
3229;[3123, 3293];[2940, 3650];[2940, 10509];*
3230;[3123, 3293];[2940, 3650];[2940, 10509];*
3231;[3123, 3293];[2940, 3650];[2940, 10509];*
3232;[3123, 3293];[2940, 3650];[2940, 10509];*
3233;[3123, 3293];[2940, 3650];[2940, 10509];*
3234;[3123, 3293];[2940, 3650];[2940, 10509];*
3235;[3123, 3293];[2940, 3650];[2940, 10509];*
3236;[3123, 3293];[2940, 3650];[2940, 10509];*
3237;[3123, 3293];[2940, 3650];[2940, 10509];*
3238;[3123, 3293];[2940, 3650];[2940, 10509];*
3239;[3123, 3293];[2940, 3650];[2940, 10509];*
3240;[3123, 3293];[2940, 3650];[2940, 10509];*
3241;[3123, 3293];[2940, 3650];[2940, 10509];*
3242;[3123, 3293];[2940, 3650];[2940, 10509];*
3244;[3123, 3293];[2940, 3650];[2940, 10509];*
3245;[3123, 3293];[2940, 3650];[2940, 10509];*
3246;[3123, 3293];[2940, 3650];[2940, 10509];*
3247;[3123, 3293];[2940, 3650];[2940, 10509];*
3248;[3123, 3293];[2940, 3650];[2940, 10509];*
3249;[3123, 3293];[2940, 3650];[2940, 10509];*
3250;[3123, 3293];[2940, 3650];[2940, 10509];*
3251;[3123, 3293];[2940, 3650];[2940, 10509];*
3252;[3123, 3293];[2940, 3650];[2940, 10509];*
3253;[3123, 3293];[2940, 3650];[2940, 10509];*
3254;[3123, 3293];[2940, 3650];[2940, 10509];*
3256;[3123, 3293];[2940, 3650];[2940, 10509];*
3257;[3123, 3293];[2940, 3650];[2940, 10509];*
3258;[3123, 3293];[2940, 3650];[2940, 10509];*
3259;[3123, 3293];[2940, 3650];[2940, 10509];*
3260;[3123, 3293];[2940, 3650];[2940, 10509];*
3261;[3123, 3293];[2940, 3650];[2940, 10509];*
3262;[3123, 3293];[2940, 3650];[2940, 10509];*
3263;[3123, 3293];[2940, 3650];[2940, 10509];*
3264;[3123, 3293];[2940, 3650];[2940, 10509];*
3265;[3123, 3293];[2940, 3650];[2940, 10509];*
3266;[3123, 3293];[2940, 3650];[2940, 10509];*
3267;[3123, 3293];[2940, 3650];[2940, 10509];*
3268;[3123, 3293];[2940, 3650];[2940, 10509];*
3269;[3123, 3293];[2940, 3650];[2940, 10509];*
3271;[3123, 3293];[2940, 3650];[2940, 10509];*
3272;[3123, 3293];[2940, 3650];[2940, 10509];*
3273;[3123, 3293];[2940, 3650];[2940, 10509];*
3274;[3123, 3293];[2940, 3650];[2940, 10509];*
3275;[3123, 3293];[2940, 3650];[2940, 10509];*
3276;[3123, 3293];[2940, 3650];[2940, 10509];*
3277;[3123, 3293];[2940, 3650];[2940, 10509];*
3278;[3123, 3293];[2940, 3650];[2940, 10509];*
3279;[3123, 3293];[2940, 3650];[2940, 10509];*
3280;[3123, 3293];[2940, 3650];[2940, 10509];*
3281;[3123, 3293];[2940, 3650];[2940, 10509];*
3284;[3123, 3293];[2940, 3650];[2940, 10509];*
3285;[3123, 3293];[2940, 3650];[2940, 10509];*
3286;[3123, 3293];[2940, 3650];[2940, 10509];*
3287;[3123, 3293];[2940, 3650];[2940, 10509];*
3288;[3123, 3293];[2940, 3650];[2940, 10509];*
3289;[3123, 3293];[2940, 3650];[2940, 10509];*
3290;[3123, 3293];[2940, 3650];[2940, 10509];*
3291;[3123, 3293];[2940, 3650];[2940, 10509];*
3292;[3123, 3293];[2940, 3650];[2940, 10509];*
3293;[3123, 3293];[2940, 3650];[2940, 10509];*
3297;[3297, 3471];[2940, 3650];[2940, 10509];*
3298;[3297, 3471];[2940, 3650];[2940, 10509];*
3299;[3297, 3471];[2940, 3650];[2940, 10509];*
3300;[3297, 3471];[2940, 3650];[2940, 10509];*
3301;[3297, 3471];[2940, 3650];[2940, 10509];*
3302;[3297, 3471];[2940, 3650];[2940, 10509];*
3303;[3297, 3471];[2940, 3650];[2940, 10509];*
3304;[3297, 3471];[2940, 3650];[2940, 10509];*
3305;[3297, 3471];[2940, 3650];[2940, 10509];*
3306;[3297, 3471];[2940, 3650];[2940, 10509];*
3307;[3297, 3471];[2940, 3650];[2940, 10509];*
3308;[3297, 3471];[2940, 3650];[2940, 10509];*
3309;[3297, 3471];[2940, 3650];[2940, 10509];*
3310;[3297, 3471];[2940, 3650];[2940, 10509];*
3313;[3297, 3471];[2940, 3650];[2940, 10509];*
3314;[3297, 3471];[2940, 3650];[2940, 10509];*
3316;[3297, 3471];[2940, 3650];[2940, 10509];*
3317;[3297, 3471];[2940, 3650];[2940, 10509];*
3318;[3297, 3471];[2940, 3650];[2940, 10509];*
3319;[3297, 3471];[2940, 3650];[2940, 10509];*
3320;[3297, 3471];[2940, 3650];[2940, 10509];*
3321;[3297, 3471];[2940, 3650];[2940, 10509];*
3322;[3297, 3471];[2940, 3650];[2940, 10509];*
3323;[3297, 3471];[2940, 3650];[2940, 10509];*
3324;[3297, 3471];[2940, 3650];[2940, 10509];*
3325;[3297, 3471];[2940, 3650];[2940, 10509];*
3326;[3297, 3471];[2940, 3650];[2940, 10509];*
3327;[3297, 3471];[2940, 3650];[2940, 10509];*
3329;[3297, 3471];[2940, 3650];[2940, 10509];*
3330;[3297, 3471];[2940, 3650];[2940, 10509];*
3331;[3297, 3471];[2940, 3650];[2940, 10509];*
3334;[3297, 3471];[2940, 3650];[2940, 10509];*
3335;[3297, 3471];[2940, 3650];[2940, 10509];*
3336;[3297, 3471];[2940, 3650];[2940, 10509];*
3337;[3297, 3471];[2940, 3650];[2940, 10509];*
3338;[3297, 3471];[2940, 3650];[2940, 10509];*
3339;[3297, 3471];[2940, 3650];[2940, 10509];*
3340;[3297, 3471];[2940, 3650];[2940, 10509];*
3341;[3297, 3471];[2940, 3650];[2940, 10509];*
3342;[3297, 3471];[2940, 3650];[2940, 10509];*
3343;[3297, 3471];[2940, 3650];[2940, 10509];*
3344;[3297, 3471];[2940, 3650];[2940, 10509];*
3345;[3297, 3471];[2940, 3650];[2940, 10509];*
3346;[3297, 3471];[2940, 3650];[2940, 10509];*
3347;[3297, 3471];[2940, 3650];[2940, 10509];*
3348;[3297, 3471];[2940, 3650];[2940, 10509];*
3349;[3297, 3471];[2940, 3650];[2940, 10509];*
3350;[3297, 3471];[2940, 3650];[2940, 10509];*
3351;[3297, 3471];[2940, 3650];[2940, 10509];*
3352;[3297, 3471];[2940, 3650];[2940, 10509];*
3353;[3297, 3471];[2940, 3650];[2940, 10509];*
3354;[3297, 3471];[2940, 3650];[2940, 10509];*
3355;[3297, 3471];[2940, 3650];[2940, 10509];*
3356;[3297, 3471];[2940, 3650];[2940, 10509];*
3357;[3297, 3471];[2940, 3650];[2940, 10509];*
3358;[3297, 3471];[2940, 3650];[2940, 10509];*
3359;[3297, 3471];[2940, 3650];[2940, 10509];*
3360;[3297, 3471];[2940, 3650];[2940, 10509];*
3361;[3297, 3471];[2940, 3650];[2940, 10509];*
3362;[3297, 3471];[2940, 3650];[2940, 10509];*
3364;[3297, 3471];[2940, 3650];[2940, 10509];*
3365;[3297, 3471];[2940, 3650];[2940, 10509];*
3366;[3297, 3471];[2940, 3650];[2940, 10509];*
3367;[3297, 3471];[2940, 3650];[2940, 10509];*
3368;[3297, 3471];[2940, 3650];[2940, 10509];*
3369;[3297, 3471];[2940, 3650];[2940, 10509];*
3371;[3297, 3471];[2940, 3650];[2940, 10509];*
3372;[3297, 3471];[2940, 3650];[2940, 10509];*
3373;[3297, 3471];[2940, 3650];[2940, 10509];*
3374;[3297, 3471];[2940, 3650];[2940, 10509];*
3375;[3297, 3471];[2940, 3650];[2940, 10509];*
3376;[3297, 3471];[2940, 3650];[2940, 10509];*
3377;[3297, 3471];[2940, 3650];[2940, 10509];*
3378;[3297, 3471];[2940, 3650];[2940, 10509];*
3379;[3297, 3471];[2940, 3650];[2940, 10509];*
3380;[3297, 3471];[2940, 3650];[2940, 10509];*
3381;[3297, 3471];[2940, 3650];[2940, 10509];*
3382;[3297, 3471];[2940, 3650];[2940, 10509];*
3383;[3297, 3471];[2940, 3650];[2940, 10509];*
3384;[3297, 3471];[2940, 3650];[2940, 10509];*
3385;[3297, 3471];[2940, 3650];[2940, 10509];*
3388;[3297, 3471];[2940, 3650];[2940, 10509];*
3390;[3297, 3471];[2940, 3650];[2940, 10509];*
3391;[3297, 3471];[2940, 3650];[2940, 10509];*
3392;[3297, 3471];[2940, 3650];[2940, 10509];*
3393;[3297, 3471];[2940, 3650];[2940, 10509];*
3395;[3297, 3471];[2940, 3650];[2940, 10509];*
3396;[3297, 3471];[2940, 3650];[2940, 10509];*
3397;[3297, 3471];[2940, 3650];[2940, 10509];*
3398;[3297, 3471];[2940, 3650];[2940, 10509];*
3399;[3297, 3471];[2940, 3650];[2940, 10509];*
3400;[3297, 3471];[2940, 3650];[2940, 10509];*
3401;[3297, 3471];[2940, 3650];[2940, 10509];*
3403;[3297, 3471];[2940, 3650];[2940, 10509];*
3404;[3297, 3471];[2940, 3650];[2940, 10509];*
3405;[3297, 3471];[2940, 3650];[2940, 10509];*
3406;[3297, 3471];[2940, 3650];[2940, 10509];*
3407;[3297, 3471];[2940, 3650];[2940, 10509];*
3408;[3297, 3471];[2940, 3650];[2940, 10509];*
3409;[3297, 3471];[2940, 3650];[2940, 10509];*
3410;[3297, 3471];[2940, 3650];[2940, 10509];*
3411;[3297, 3471];[2940, 3650];[2940, 10509];*
3412;[3297, 3471];[2940, 3650];[2940, 10509];*
3414;[3297, 3471];[2940, 3650];[2940, 10509];*
3415;[3297, 3471];[2940, 3650];[2940, 10509];*
3416;[3297, 3471];[2940, 3650];[2940, 10509];*
3418;[3297, 3471];[2940, 3650];[2940, 10509];*
3419;[3297, 3471];[2940, 3650];[2940, 10509];*
3420;[3297, 3471];[2940, 3650];[2940, 10509];*
3421;[3297, 3471];[2940, 3650];[2940, 10509];*
3422;[3297, 3471];[2940, 3650];[2940, 10509];*
3424;[3297, 3471];[2940, 3650];[2940, 10509];*
3425;[3297, 3471];[2940, 3650];[2940, 10509];*
3426;[3297, 3471];[2940, 3650];[2940, 10509];*
3427;[3297, 3471];[2940, 3650];[2940, 10509];*
3428;[3297, 3471];[2940, 3650];[2940, 10509];*
3429;[3297, 3471];[2940, 3650];[2940, 10509];*
3430;[3297, 3471];[2940, 3650];[2940, 10509];*
3431;[3297, 3471];[2940, 3650];[2940, 10509];*
3432;[3297, 3471];[2940, 3650];[2940, 10509];*
3434;[3297, 3471];[2940, 3650];[2940, 10509];*
3436;[3297, 3471];[2940, 3650];[2940, 10509];*
3437;[3297, 3471];[2940, 3650];[2940, 10509];*
3438;[3297, 3471];[2940, 3650];[2940, 10509];*
3440;[3297, 3471];[2940, 3650];[2940, 10509];*
3441;[3297, 3471];[2940, 3650];[2940, 10509];*
3442;[3297, 3471];[2940, 3650];[2940, 10509];*
3443;[3297, 3471];[2940, 3650];[2940, 10509];*
3444;[3297, 3471];[2940, 3650];[2940, 10509];*
3445;[3297, 3471];[2940, 3650];[2940, 10509];*
3446;[3297, 3471];[2940, 3650];[2940, 10509];*
3447;[3297, 3471];[2940, 3650];[2940, 10509];*
3448;[3297, 3471];[2940, 3650];[2940, 10509];*
3449;[3297, 3471];[2940, 3650];[2940, 10509];*
3451;[3297, 3471];[2940, 3650];[2940, 10509];*
3454;[3297, 3471];[2940, 3650];[2940, 10509];*
3455;[3297, 3471];[2940, 3650];[2940, 10509];*
3456;[3297, 3471];[2940, 3650];[2940, 10509];*
3457;[3297, 3471];[2940, 3650];[2940, 10509];*
3458;[3297, 3471];[2940, 3650];[2940, 10509];*
3459;[3297, 3471];[2940, 3650];[2940, 10509];*
3460;[3297, 3471];[2940, 3650];[2940, 10509];*
3461;[3297, 3471];[2940, 3650];[2940, 10509];*
3463;[3297, 3471];[2940, 3650];[2940, 10509];*
3464;[3297, 3471];[2940, 3650];[2940, 10509];*
3465;[3297, 3471];[2940, 3650];[2940, 10509];*
3466;[3297, 3471];[2940, 3650];[2940, 10509];*
3467;[3297, 3471];[2940, 3650];[2940, 10509];*
3468;[3297, 3471];[2940, 3650];[2940, 10509];*
3469;[3297, 3471];[2940, 3650];[2940, 10509];*
3470;[3297, 3471];[2940, 3650];[2940, 10509];*
3471;[3297, 3471];[2940, 3650];[2940, 10509];*
3473;[3473, 3650];[2940, 3650];[2940, 10509];*
3474;[3473, 3650];[2940, 3650];[2940, 10509];*
3475;[3473, 3650];[2940, 3650];[2940, 10509];*
3476;[3473, 3650];[2940, 3650];[2940, 10509];*
3477;[3473, 3650];[2940, 3650];[2940, 10509];*
3478;[3473, 3650];[2940, 3650];[2940, 10509];*
3479;[3473, 3650];[2940, 3650];[2940, 10509];*
3480;[3473, 3650];[2940, 3650];[2940, 10509];*
3481;[3473, 3650];[2940, 3650];[2940, 10509];*
3482;[3473, 3650];[2940, 3650];[2940, 10509];*
3483;[3473, 3650];[2940, 3650];[2940, 10509];*
3484;[3473, 3650];[2940, 3650];[2940, 10509];*
3485;[3473, 3650];[2940, 3650];[2940, 10509];*
3486;[3473, 3650];[2940, 3650];[2940, 10509];*
3487;[3473, 3650];[2940, 3650];[2940, 10509];*
3488;[3473, 3650];[2940, 3650];[2940, 10509];*
3489;[3473, 3650];[2940, 3650];[2940, 10509];*
3490;[3473, 3650];[2940, 3650];[2940, 10509];*
3491;[3473, 3650];[2940, 3650];[2940, 10509];*
3494;[3473, 3650];[2940, 3650];[2940, 10509];*
3496;[3473, 3650];[2940, 3650];[2940, 10509];*
3497;[3473, 3650];[2940, 3650];[2940, 10509];*
3498;[3473, 3650];[2940, 3650];[2940, 10509];*
3499;[3473, 3650];[2940, 3650];[2940, 10509];*
3500;[3473, 3650];[2940, 3650];[2940, 10509];*
3501;[3473, 3650];[2940, 3650];[2940, 10509];*
3502;[3473, 3650];[2940, 3650];[2940, 10509];*
3503;[3473, 3650];[2940, 3650];[2940, 10509];*
3504;[3473, 3650];[2940, 3650];[2940, 10509];*
3506;[3473, 3650];[2940, 3650];[2940, 10509];*
3507;[3473, 3650];[2940, 3650];[2940, 10509];*
3508;[3473, 3650];[2940, 3650];[2940, 10509];*
3509;[3473, 3650];[2940, 3650];[2940, 10509];*
3511;[3473, 3650];[2940, 3650];[2940, 10509];*
3512;[3473, 3650];[2940, 3650];[2940, 10509];*
3513;[3473, 3650];[2940, 3650];[2940, 10509];*
3514;[3473, 3650];[2940, 3650];[2940, 10509];*
3515;[3473, 3650];[2940, 3650];[2940, 10509];*
3516;[3473, 3650];[2940, 3650];[2940, 10509];*
3518;[3473, 3650];[2940, 3650];[2940, 10509];*
3519;[3473, 3650];[2940, 3650];[2940, 10509];*
3520;[3473, 3650];[2940, 3650];[2940, 10509];*
3521;[3473, 3650];[2940, 3650];[2940, 10509];*
3523;[3473, 3650];[2940, 3650];[2940, 10509];*
3524;[3473, 3650];[2940, 3650];[2940, 10509];*
3525;[3473, 3650];[2940, 3650];[2940, 10509];*
3526;[3473, 3650];[2940, 3650];[2940, 10509];*
3527;[3473, 3650];[2940, 3650];[2940, 10509];*
3528;[3473, 3650];[2940, 3650];[2940, 10509];*
3529;[3473, 3650];[2940, 3650];[2940, 10509];*
3530;[3473, 3650];[2940, 3650];[2940, 10509];*
3531;[3473, 3650];[2940, 3650];[2940, 10509];*
3532;[3473, 3650];[2940, 3650];[2940, 10509];*
3533;[3473, 3650];[2940, 3650];[2940, 10509];*
3534;[3473, 3650];[2940, 3650];[2940, 10509];*
3535;[3473, 3650];[2940, 3650];[2940, 10509];*
3537;[3473, 3650];[2940, 3650];[2940, 10509];*
3538;[3473, 3650];[2940, 3650];[2940, 10509];*
3539;[3473, 3650];[2940, 3650];[2940, 10509];*
3540;[3473, 3650];[2940, 3650];[2940, 10509];*
3541;[3473, 3650];[2940, 3650];[2940, 10509];*
3542;[3473, 3650];[2940, 3650];[2940, 10509];*
3544;[3473, 3650];[2940, 3650];[2940, 10509];*
3545;[3473, 3650];[2940, 3650];[2940, 10509];*
3546;[3473, 3650];[2940, 3650];[2940, 10509];*
3547;[3473, 3650];[2940, 3650];[2940, 10509];*
3548;[3473, 3650];[2940, 3650];[2940, 10509];*
3549;[3473, 3650];[2940, 3650];[2940, 10509];*
3550;[3473, 3650];[2940, 3650];[2940, 10509];*
3551;[3473, 3650];[2940, 3650];[2940, 10509];*
3552;[3473, 3650];[2940, 3650];[2940, 10509];*
3553;[3473, 3650];[2940, 3650];[2940, 10509];*
3554;[3473, 3650];[2940, 3650];[2940, 10509];*
3556;[3473, 3650];[2940, 3650];[2940, 10509];*
3557;[3473, 3650];[2940, 3650];[2940, 10509];*
3558;[3473, 3650];[2940, 3650];[2940, 10509];*
3559;[3473, 3650];[2940, 3650];[2940, 10509];*
3560;[3473, 3650];[2940, 3650];[2940, 10509];*
3561;[3473, 3650];[2940, 3650];[2940, 10509];*
3562;[3473, 3650];[2940, 3650];[2940, 10509];*
3563;[3473, 3650];[2940, 3650];[2940, 10509];*
3564;[3473, 3650];[2940, 3650];[2940, 10509];*
3566;[3473, 3650];[2940, 3650];[2940, 10509];*
3568;[3473, 3650];[2940, 3650];[2940, 10509];*
3569;[3473, 3650];[2940, 3650];[2940, 10509];*
3570;[3473, 3650];[2940, 3650];[2940, 10509];*
3572;[3473, 3650];[2940, 3650];[2940, 10509];*
3573;[3473, 3650];[2940, 3650];[2940, 10509];*
3574;[3473, 3650];[2940, 3650];[2940, 10509];*
3575;[3473, 3650];[2940, 3650];[2940, 10509];*
3576;[3473, 3650];[2940, 3650];[2940, 10509];*
3578;[3473, 3650];[2940, 3650];[2940, 10509];*
3579;[3473, 3650];[2940, 3650];[2940, 10509];*
3580;[3473, 3650];[2940, 3650];[2940, 10509];*
3582;[3473, 3650];[2940, 3650];[2940, 10509];*
3583;[3473, 3650];[2940, 3650];[2940, 10509];*
3584;[3473, 3650];[2940, 3650];[2940, 10509];*
3585;[3473, 3650];[2940, 3650];[2940, 10509];*
3586;[3473, 3650];[2940, 3650];[2940, 10509];*
3587;[3473, 3650];[2940, 3650];[2940, 10509];*
3588;[3473, 3650];[2940, 3650];[2940, 10509];*
3589;[3473, 3650];[2940, 3650];[2940, 10509];*
3590;[3473, 3650];[2940, 3650];[2940, 10509];*
3591;[3473, 3650];[2940, 3650];[2940, 10509];*
3593;[3473, 3650];[2940, 3650];[2940, 10509];*
3594;[3473, 3650];[2940, 3650];[2940, 10509];*
3595;[3473, 3650];[2940, 3650];[2940, 10509];*
3596;[3473, 3650];[2940, 3650];[2940, 10509];*
3597;[3473, 3650];[2940, 3650];[2940, 10509];*
3599;[3473, 3650];[2940, 3650];[2940, 10509];*
3600;[3473, 3650];[2940, 3650];[2940, 10509];*
3601;[3473, 3650];[2940, 3650];[2940, 10509];*
3602;[3473, 3650];[2940, 3650];[2940, 10509];*
3604;[3473, 3650];[2940, 3650];[2940, 10509];*
3605;[3473, 3650];[2940, 3650];[2940, 10509];*
3606;[3473, 3650];[2940, 3650];[2940, 10509];*
3607;[3473, 3650];[2940, 3650];[2940, 10509];*
3608;[3473, 3650];[2940, 3650];[2940, 10509];*
3610;[3473, 3650];[2940, 3650];[2940, 10509];*
3611;[3473, 3650];[2940, 3650];[2940, 10509];*
3612;[3473, 3650];[2940, 3650];[2940, 10509];*
3613;[3473, 3650];[2940, 3650];[2940, 10509];*
3614;[3473, 3650];[2940, 3650];[2940, 10509];*
3616;[3473, 3650];[2940, 3650];[2940, 10509];*
3617;[3473, 3650];[2940, 3650];[2940, 10509];*
3618;[3473, 3650];[2940, 3650];[2940, 10509];*
3619;[3473, 3650];[2940, 3650];[2940, 10509];*
3620;[3473, 3650];[2940, 3650];[2940, 10509];*
3621;[3473, 3650];[2940, 3650];[2940, 10509];*
3622;[3473, 3650];[2940, 3650];[2940, 10509];*
3623;[3473, 3650];[2940, 3650];[2940, 10509];*
3624;[3473, 3650];[2940, 3650];[2940, 10509];*
3625;[3473, 3650];[2940, 3650];[2940, 10509];*
3626;[3473, 3650];[2940, 3650];[2940, 10509];*
3627;[3473, 3650];[2940, 3650];[2940, 10509];*
3629;[3473, 3650];[2940, 3650];[2940, 10509];*
3631;[3473, 3650];[2940, 3650];[2940, 10509];*
3632;[3473, 3650];[2940, 3650];[2940, 10509];*
3634;[3473, 3650];[2940, 3650];[2940, 10509];*
3635;[3473, 3650];[2940, 3650];[2940, 10509];*
3636;[3473, 3650];[2940, 3650];[2940, 10509];*
3637;[3473, 3650];[2940, 3650];[2940, 10509];*
3639;[3473, 3650];[2940, 3650];[2940, 10509];*
3640;[3473, 3650];[2940, 3650];[2940, 10509];*
3641;[3473, 3650];[2940, 3650];[2940, 10509];*
3642;[3473, 3650];[2940, 3650];[2940, 10509];*
3643;[3473, 3650];[2940, 3650];[2940, 10509];*
3645;[3473, 3650];[2940, 3650];[2940, 10509];*
3646;[3473, 3650];[2940, 3650];[2940, 10509];*
3647;[3473, 3650];[2940, 3650];[2940, 10509];*
3648;[3473, 3650];[2940, 3650];[2940, 10509];*
3649;[3473, 3650];[2940, 3650];[2940, 10509];*
3650;[3473, 3650];[2940, 3650];[2940, 10509];*
3651;[3651, 3835];[3651, 4522];[2940, 10509];*
3652;[3651, 3835];[3651, 4522];[2940, 10509];*
3653;[3651, 3835];[3651, 4522];[2940, 10509];*
3654;[3651, 3835];[3651, 4522];[2940, 10509];*
3655;[3651, 3835];[3651, 4522];[2940, 10509];*
3656;[3651, 3835];[3651, 4522];[2940, 10509];*
3657;[3651, 3835];[3651, 4522];[2940, 10509];*
3658;[3651, 3835];[3651, 4522];[2940, 10509];*
3659;[3651, 3835];[3651, 4522];[2940, 10509];*
3660;[3651, 3835];[3651, 4522];[2940, 10509];*
3661;[3651, 3835];[3651, 4522];[2940, 10509];*
3662;[3651, 3835];[3651, 4522];[2940, 10509];*
3663;[3651, 3835];[3651, 4522];[2940, 10509];*
3664;[3651, 3835];[3651, 4522];[2940, 10509];*
3665;[3651, 3835];[3651, 4522];[2940, 10509];*
3666;[3651, 3835];[3651, 4522];[2940, 10509];*
3667;[3651, 3835];[3651, 4522];[2940, 10509];*
3668;[3651, 3835];[3651, 4522];[2940, 10509];*
3669;[3651, 3835];[3651, 4522];[2940, 10509];*
3670;[3651, 3835];[3651, 4522];[2940, 10509];*
3671;[3651, 3835];[3651, 4522];[2940, 10509];*
3672;[3651, 3835];[3651, 4522];[2940, 10509];*
3673;[3651, 3835];[3651, 4522];[2940, 10509];*
3675;[3651, 3835];[3651, 4522];[2940, 10509];*
3676;[3651, 3835];[3651, 4522];[2940, 10509];*
3677;[3651, 3835];[3651, 4522];[2940, 10509];*
3678;[3651, 3835];[3651, 4522];[2940, 10509];*
3679;[3651, 3835];[3651, 4522];[2940, 10509];*
3681;[3651, 3835];[3651, 4522];[2940, 10509];*
3683;[3651, 3835];[3651, 4522];[2940, 10509];*
3685;[3651, 3835];[3651, 4522];[2940, 10509];*
3688;[3651, 3835];[3651, 4522];[2940, 10509];*
3689;[3651, 3835];[3651, 4522];[2940, 10509];*
3691;[3651, 3835];[3651, 4522];[2940, 10509];*
3692;[3651, 3835];[3651, 4522];[2940, 10509];*
3693;[3651, 3835];[3651, 4522];[2940, 10509];*
3694;[3651, 3835];[3651, 4522];[2940, 10509];*
3695;[3651, 3835];[3651, 4522];[2940, 10509];*
3696;[3651, 3835];[3651, 4522];[2940, 10509];*
3698;[3651, 3835];[3651, 4522];[2940, 10509];*
3700;[3651, 3835];[3651, 4522];[2940, 10509];*
3702;[3651, 3835];[3651, 4522];[2940, 10509];*
3703;[3651, 3835];[3651, 4522];[2940, 10509];*
3704;[3651, 3835];[3651, 4522];[2940, 10509];*
3705;[3651, 3835];[3651, 4522];[2940, 10509];*
3707;[3651, 3835];[3651, 4522];[2940, 10509];*
3708;[3651, 3835];[3651, 4522];[2940, 10509];*
3710;[3651, 3835];[3651, 4522];[2940, 10509];*
3711;[3651, 3835];[3651, 4522];[2940, 10509];*
3712;[3651, 3835];[3651, 4522];[2940, 10509];*
3713;[3651, 3835];[3651, 4522];[2940, 10509];*
3714;[3651, 3835];[3651, 4522];[2940, 10509];*
3715;[3651, 3835];[3651, 4522];[2940, 10509];*
3716;[3651, 3835];[3651, 4522];[2940, 10509];*
3717;[3651, 3835];[3651, 4522];[2940, 10509];*
3718;[3651, 3835];[3651, 4522];[2940, 10509];*
3719;[3651, 3835];[3651, 4522];[2940, 10509];*
3720;[3651, 3835];[3651, 4522];[2940, 10509];*
3721;[3651, 3835];[3651, 4522];[2940, 10509];*
3722;[3651, 3835];[3651, 4522];[2940, 10509];*
3723;[3651, 3835];[3651, 4522];[2940, 10509];*
3724;[3651, 3835];[3651, 4522];[2940, 10509];*
3725;[3651, 3835];[3651, 4522];[2940, 10509];*
3727;[3651, 3835];[3651, 4522];[2940, 10509];*
3728;[3651, 3835];[3651, 4522];[2940, 10509];*
3730;[3651, 3835];[3651, 4522];[2940, 10509];*
3732;[3651, 3835];[3651, 4522];[2940, 10509];*
3733;[3651, 3835];[3651, 4522];[2940, 10509];*
3734;[3651, 3835];[3651, 4522];[2940, 10509];*
3735;[3651, 3835];[3651, 4522];[2940, 10509];*
3736;[3651, 3835];[3651, 4522];[2940, 10509];*
3737;[3651, 3835];[3651, 4522];[2940, 10509];*
3740;[3651, 3835];[3651, 4522];[2940, 10509];*
3742;[3651, 3835];[3651, 4522];[2940, 10509];*
3743;[3651, 3835];[3651, 4522];[2940, 10509];*
3744;[3651, 3835];[3651, 4522];[2940, 10509];*
3745;[3651, 3835];[3651, 4522];[2940, 10509];*
3746;[3651, 3835];[3651, 4522];[2940, 10509];*
3747;[3651, 3835];[3651, 4522];[2940, 10509];*
3749;[3651, 3835];[3651, 4522];[2940, 10509];*
3750;[3651, 3835];[3651, 4522];[2940, 10509];*
3751;[3651, 3835];[3651, 4522];[2940, 10509];*
3752;[3651, 3835];[3651, 4522];[2940, 10509];*
3753;[3651, 3835];[3651, 4522];[2940, 10509];*
3754;[3651, 3835];[3651, 4522];[2940, 10509];*
3755;[3651, 3835];[3651, 4522];[2940, 10509];*
3756;[3651, 3835];[3651, 4522];[2940, 10509];*
3758;[3651, 3835];[3651, 4522];[2940, 10509];*
3759;[3651, 3835];[3651, 4522];[2940, 10509];*
3760;[3651, 3835];[3651, 4522];[2940, 10509];*
3762;[3651, 3835];[3651, 4522];[2940, 10509];*
3763;[3651, 3835];[3651, 4522];[2940, 10509];*
3764;[3651, 3835];[3651, 4522];[2940, 10509];*
3765;[3651, 3835];[3651, 4522];[2940, 10509];*
3767;[3651, 3835];[3651, 4522];[2940, 10509];*
3768;[3651, 3835];[3651, 4522];[2940, 10509];*
3769;[3651, 3835];[3651, 4522];[2940, 10509];*
3770;[3651, 3835];[3651, 4522];[2940, 10509];*
3771;[3651, 3835];[3651, 4522];[2940, 10509];*
3772;[3651, 3835];[3651, 4522];[2940, 10509];*
3773;[3651, 3835];[3651, 4522];[2940, 10509];*
3774;[3651, 3835];[3651, 4522];[2940, 10509];*
3775;[3651, 3835];[3651, 4522];[2940, 10509];*
3778;[3651, 3835];[3651, 4522];[2940, 10509];*
3779;[3651, 3835];[3651, 4522];[2940, 10509];*
3780;[3651, 3835];[3651, 4522];[2940, 10509];*
3781;[3651, 3835];[3651, 4522];[2940, 10509];*
3782;[3651, 3835];[3651, 4522];[2940, 10509];*
3783;[3651, 3835];[3651, 4522];[2940, 10509];*
3785;[3651, 3835];[3651, 4522];[2940, 10509];*
3786;[3651, 3835];[3651, 4522];[2940, 10509];*
3787;[3651, 3835];[3651, 4522];[2940, 10509];*
3788;[3651, 3835];[3651, 4522];[2940, 10509];*
3789;[3651, 3835];[3651, 4522];[2940, 10509];*
3790;[3651, 3835];[3651, 4522];[2940, 10509];*
3791;[3651, 3835];[3651, 4522];[2940, 10509];*
3792;[3651, 3835];[3651, 4522];[2940, 10509];*
3793;[3651, 3835];[3651, 4522];[2940, 10509];*
3795;[3651, 3835];[3651, 4522];[2940, 10509];*
3796;[3651, 3835];[3651, 4522];[2940, 10509];*
3797;[3651, 3835];[3651, 4522];[2940, 10509];*
3798;[3651, 3835];[3651, 4522];[2940, 10509];*
3799;[3651, 3835];[3651, 4522];[2940, 10509];*
3800;[3651, 3835];[3651, 4522];[2940, 10509];*
3801;[3651, 3835];[3651, 4522];[2940, 10509];*
3802;[3651, 3835];[3651, 4522];[2940, 10509];*
3803;[3651, 3835];[3651, 4522];[2940, 10509];*
3804;[3651, 3835];[3651, 4522];[2940, 10509];*
3805;[3651, 3835];[3651, 4522];[2940, 10509];*
3806;[3651, 3835];[3651, 4522];[2940, 10509];*
3807;[3651, 3835];[3651, 4522];[2940, 10509];*
3809;[3651, 3835];[3651, 4522];[2940, 10509];*
3810;[3651, 3835];[3651, 4522];[2940, 10509];*
3811;[3651, 3835];[3651, 4522];[2940, 10509];*
3813;[3651, 3835];[3651, 4522];[2940, 10509];*
3814;[3651, 3835];[3651, 4522];[2940, 10509];*
3816;[3651, 3835];[3651, 4522];[2940, 10509];*
3817;[3651, 3835];[3651, 4522];[2940, 10509];*
3820;[3651, 3835];[3651, 4522];[2940, 10509];*
3821;[3651, 3835];[3651, 4522];[2940, 10509];*
3822;[3651, 3835];[3651, 4522];[2940, 10509];*
3823;[3651, 3835];[3651, 4522];[2940, 10509];*
3824;[3651, 3835];[3651, 4522];[2940, 10509];*
3825;[3651, 3835];[3651, 4522];[2940, 10509];*
3826;[3651, 3835];[3651, 4522];[2940, 10509];*
3827;[3651, 3835];[3651, 4522];[2940, 10509];*
3828;[3651, 3835];[3651, 4522];[2940, 10509];*
3830;[3651, 3835];[3651, 4522];[2940, 10509];*
3831;[3651, 3835];[3651, 4522];[2940, 10509];*
3832;[3651, 3835];[3651, 4522];[2940, 10509];*
3834;[3651, 3835];[3651, 4522];[2940, 10509];*
3835;[3651, 3835];[3651, 4522];[2940, 10509];*
3836;[3836, 4030];[3651, 4522];[2940, 10509];*
3838;[3836, 4030];[3651, 4522];[2940, 10509];*
3839;[3836, 4030];[3651, 4522];[2940, 10509];*
3840;[3836, 4030];[3651, 4522];[2940, 10509];*
3841;[3836, 4030];[3651, 4522];[2940, 10509];*
3842;[3836, 4030];[3651, 4522];[2940, 10509];*
3843;[3836, 4030];[3651, 4522];[2940, 10509];*
3844;[3836, 4030];[3651, 4522];[2940, 10509];*
3845;[3836, 4030];[3651, 4522];[2940, 10509];*
3846;[3836, 4030];[3651, 4522];[2940, 10509];*
3847;[3836, 4030];[3651, 4522];[2940, 10509];*
3848;[3836, 4030];[3651, 4522];[2940, 10509];*
3849;[3836, 4030];[3651, 4522];[2940, 10509];*
3850;[3836, 4030];[3651, 4522];[2940, 10509];*
3851;[3836, 4030];[3651, 4522];[2940, 10509];*
3852;[3836, 4030];[3651, 4522];[2940, 10509];*
3853;[3836, 4030];[3651, 4522];[2940, 10509];*
3854;[3836, 4030];[3651, 4522];[2940, 10509];*
3856;[3836, 4030];[3651, 4522];[2940, 10509];*
3857;[3836, 4030];[3651, 4522];[2940, 10509];*
3858;[3836, 4030];[3651, 4522];[2940, 10509];*
3860;[3836, 4030];[3651, 4522];[2940, 10509];*
3861;[3836, 4030];[3651, 4522];[2940, 10509];*
3862;[3836, 4030];[3651, 4522];[2940, 10509];*
3863;[3836, 4030];[3651, 4522];[2940, 10509];*
3864;[3836, 4030];[3651, 4522];[2940, 10509];*
3867;[3836, 4030];[3651, 4522];[2940, 10509];*
3868;[3836, 4030];[3651, 4522];[2940, 10509];*
3869;[3836, 4030];[3651, 4522];[2940, 10509];*
3870;[3836, 4030];[3651, 4522];[2940, 10509];*
3873;[3836, 4030];[3651, 4522];[2940, 10509];*
3875;[3836, 4030];[3651, 4522];[2940, 10509];*
3877;[3836, 4030];[3651, 4522];[2940, 10509];*
3878;[3836, 4030];[3651, 4522];[2940, 10509];*
3879;[3836, 4030];[3651, 4522];[2940, 10509];*
3880;[3836, 4030];[3651, 4522];[2940, 10509];*
3881;[3836, 4030];[3651, 4522];[2940, 10509];*
3882;[3836, 4030];[3651, 4522];[2940, 10509];*
3883;[3836, 4030];[3651, 4522];[2940, 10509];*
3884;[3836, 4030];[3651, 4522];[2940, 10509];*
3885;[3836, 4030];[3651, 4522];[2940, 10509];*
3887;[3836, 4030];[3651, 4522];[2940, 10509];*
3889;[3836, 4030];[3651, 4522];[2940, 10509];*
3890;[3836, 4030];[3651, 4522];[2940, 10509];*
3891;[3836, 4030];[3651, 4522];[2940, 10509];*
3892;[3836, 4030];[3651, 4522];[2940, 10509];*
3893;[3836, 4030];[3651, 4522];[2940, 10509];*
3894;[3836, 4030];[3651, 4522];[2940, 10509];*
3895;[3836, 4030];[3651, 4522];[2940, 10509];*
3896;[3836, 4030];[3651, 4522];[2940, 10509];*
3899;[3836, 4030];[3651, 4522];[2940, 10509];*
3900;[3836, 4030];[3651, 4522];[2940, 10509];*
3902;[3836, 4030];[3651, 4522];[2940, 10509];*
3903;[3836, 4030];[3651, 4522];[2940, 10509];*
3904;[3836, 4030];[3651, 4522];[2940, 10509];*
3905;[3836, 4030];[3651, 4522];[2940, 10509];*
3906;[3836, 4030];[3651, 4522];[2940, 10509];*
3907;[3836, 4030];[3651, 4522];[2940, 10509];*
3908;[3836, 4030];[3651, 4522];[2940, 10509];*
3909;[3836, 4030];[3651, 4522];[2940, 10509];*
3910;[3836, 4030];[3651, 4522];[2940, 10509];*
3911;[3836, 4030];[3651, 4522];[2940, 10509];*
3914;[3836, 4030];[3651, 4522];[2940, 10509];*
3916;[3836, 4030];[3651, 4522];[2940, 10509];*
3917;[3836, 4030];[3651, 4522];[2940, 10509];*
3918;[3836, 4030];[3651, 4522];[2940, 10509];*
3919;[3836, 4030];[3651, 4522];[2940, 10509];*
3920;[3836, 4030];[3651, 4522];[2940, 10509];*
3922;[3836, 4030];[3651, 4522];[2940, 10509];*
3923;[3836, 4030];[3651, 4522];[2940, 10509];*
3924;[3836, 4030];[3651, 4522];[2940, 10509];*
3925;[3836, 4030];[3651, 4522];[2940, 10509];*
3928;[3836, 4030];[3651, 4522];[2940, 10509];*
3929;[3836, 4030];[3651, 4522];[2940, 10509];*
3930;[3836, 4030];[3651, 4522];[2940, 10509];*
3931;[3836, 4030];[3651, 4522];[2940, 10509];*
3932;[3836, 4030];[3651, 4522];[2940, 10509];*
3933;[3836, 4030];[3651, 4522];[2940, 10509];*
3935;[3836, 4030];[3651, 4522];[2940, 10509];*
3936;[3836, 4030];[3651, 4522];[2940, 10509];*
3940;[3836, 4030];[3651, 4522];[2940, 10509];*
3942;[3836, 4030];[3651, 4522];[2940, 10509];*
3943;[3836, 4030];[3651, 4522];[2940, 10509];*
3944;[3836, 4030];[3651, 4522];[2940, 10509];*
3945;[3836, 4030];[3651, 4522];[2940, 10509];*
3947;[3836, 4030];[3651, 4522];[2940, 10509];*
3948;[3836, 4030];[3651, 4522];[2940, 10509];*
3949;[3836, 4030];[3651, 4522];[2940, 10509];*
3950;[3836, 4030];[3651, 4522];[2940, 10509];*
3951;[3836, 4030];[3651, 4522];[2940, 10509];*
3952;[3836, 4030];[3651, 4522];[2940, 10509];*
3954;[3836, 4030];[3651, 4522];[2940, 10509];*
3955;[3836, 4030];[3651, 4522];[2940, 10509];*
3956;[3836, 4030];[3651, 4522];[2940, 10509];*
3957;[3836, 4030];[3651, 4522];[2940, 10509];*
3959;[3836, 4030];[3651, 4522];[2940, 10509];*
3960;[3836, 4030];[3651, 4522];[2940, 10509];*
3961;[3836, 4030];[3651, 4522];[2940, 10509];*
3963;[3836, 4030];[3651, 4522];[2940, 10509];*
3965;[3836, 4030];[3651, 4522];[2940, 10509];*
3967;[3836, 4030];[3651, 4522];[2940, 10509];*
3968;[3836, 4030];[3651, 4522];[2940, 10509];*
3969;[3836, 4030];[3651, 4522];[2940, 10509];*
3970;[3836, 4030];[3651, 4522];[2940, 10509];*
3971;[3836, 4030];[3651, 4522];[2940, 10509];*
3972;[3836, 4030];[3651, 4522];[2940, 10509];*
3975;[3836, 4030];[3651, 4522];[2940, 10509];*
3976;[3836, 4030];[3651, 4522];[2940, 10509];*
3977;[3836, 4030];[3651, 4522];[2940, 10509];*
3978;[3836, 4030];[3651, 4522];[2940, 10509];*
3979;[3836, 4030];[3651, 4522];[2940, 10509];*
3980;[3836, 4030];[3651, 4522];[2940, 10509];*
3982;[3836, 4030];[3651, 4522];[2940, 10509];*
3983;[3836, 4030];[3651, 4522];[2940, 10509];*
3984;[3836, 4030];[3651, 4522];[2940, 10509];*
3985;[3836, 4030];[3651, 4522];[2940, 10509];*
3987;[3836, 4030];[3651, 4522];[2940, 10509];*
3988;[3836, 4030];[3651, 4522];[2940, 10509];*
3989;[3836, 4030];[3651, 4522];[2940, 10509];*
3990;[3836, 4030];[3651, 4522];[2940, 10509];*
3991;[3836, 4030];[3651, 4522];[2940, 10509];*
3992;[3836, 4030];[3651, 4522];[2940, 10509];*
3993;[3836, 4030];[3651, 4522];[2940, 10509];*
3994;[3836, 4030];[3651, 4522];[2940, 10509];*
3995;[3836, 4030];[3651, 4522];[2940, 10509];*
3998;[3836, 4030];[3651, 4522];[2940, 10509];*
4000;[3836, 4030];[3651, 4522];[2940, 10509];*
4001;[3836, 4030];[3651, 4522];[2940, 10509];*
4003;[3836, 4030];[3651, 4522];[2940, 10509];*
4004;[3836, 4030];[3651, 4522];[2940, 10509];*
4005;[3836, 4030];[3651, 4522];[2940, 10509];*
4006;[3836, 4030];[3651, 4522];[2940, 10509];*
4007;[3836, 4030];[3651, 4522];[2940, 10509];*
4008;[3836, 4030];[3651, 4522];[2940, 10509];*
4009;[3836, 4030];[3651, 4522];[2940, 10509];*
4010;[3836, 4030];[3651, 4522];[2940, 10509];*
4011;[3836, 4030];[3651, 4522];[2940, 10509];*
4012;[3836, 4030];[3651, 4522];[2940, 10509];*
4013;[3836, 4030];[3651, 4522];[2940, 10509];*
4014;[3836, 4030];[3651, 4522];[2940, 10509];*
4015;[3836, 4030];[3651, 4522];[2940, 10509];*
4017;[3836, 4030];[3651, 4522];[2940, 10509];*
4018;[3836, 4030];[3651, 4522];[2940, 10509];*
4019;[3836, 4030];[3651, 4522];[2940, 10509];*
4020;[3836, 4030];[3651, 4522];[2940, 10509];*
4021;[3836, 4030];[3651, 4522];[2940, 10509];*
4022;[3836, 4030];[3651, 4522];[2940, 10509];*
4023;[3836, 4030];[3651, 4522];[2940, 10509];*
4025;[3836, 4030];[3651, 4522];[2940, 10509];*
4027;[3836, 4030];[3651, 4522];[2940, 10509];*
4028;[3836, 4030];[3651, 4522];[2940, 10509];*
4030;[3836, 4030];[3651, 4522];[2940, 10509];*
4032;[4032, 4276];[3651, 4522];[2940, 10509];*
4034;[4032, 4276];[3651, 4522];[2940, 10509];*
4035;[4032, 4276];[3651, 4522];[2940, 10509];*
4036;[4032, 4276];[3651, 4522];[2940, 10509];*
4040;[4032, 4276];[3651, 4522];[2940, 10509];*
4043;[4032, 4276];[3651, 4522];[2940, 10509];*
4045;[4032, 4276];[3651, 4522];[2940, 10509];*
4047;[4032, 4276];[3651, 4522];[2940, 10509];*
4049;[4032, 4276];[3651, 4522];[2940, 10509];*
4050;[4032, 4276];[3651, 4522];[2940, 10509];*
4051;[4032, 4276];[3651, 4522];[2940, 10509];*
4053;[4032, 4276];[3651, 4522];[2940, 10509];*
4054;[4032, 4276];[3651, 4522];[2940, 10509];*
4055;[4032, 4276];[3651, 4522];[2940, 10509];*
4056;[4032, 4276];[3651, 4522];[2940, 10509];*
4057;[4032, 4276];[3651, 4522];[2940, 10509];*
4058;[4032, 4276];[3651, 4522];[2940, 10509];*
4059;[4032, 4276];[3651, 4522];[2940, 10509];*
4060;[4032, 4276];[3651, 4522];[2940, 10509];*
4062;[4032, 4276];[3651, 4522];[2940, 10509];*
4064;[4032, 4276];[3651, 4522];[2940, 10509];*
4068;[4032, 4276];[3651, 4522];[2940, 10509];*
4069;[4032, 4276];[3651, 4522];[2940, 10509];*
4070;[4032, 4276];[3651, 4522];[2940, 10509];*
4071;[4032, 4276];[3651, 4522];[2940, 10509];*
4072;[4032, 4276];[3651, 4522];[2940, 10509];*
4073;[4032, 4276];[3651, 4522];[2940, 10509];*
4074;[4032, 4276];[3651, 4522];[2940, 10509];*
4076;[4032, 4276];[3651, 4522];[2940, 10509];*
4080;[4032, 4276];[3651, 4522];[2940, 10509];*
4083;[4032, 4276];[3651, 4522];[2940, 10509];*
4086;[4032, 4276];[3651, 4522];[2940, 10509];*
4087;[4032, 4276];[3651, 4522];[2940, 10509];*
4088;[4032, 4276];[3651, 4522];[2940, 10509];*
4089;[4032, 4276];[3651, 4522];[2940, 10509];*
4093;[4032, 4276];[3651, 4522];[2940, 10509];*
4094;[4032, 4276];[3651, 4522];[2940, 10509];*
4095;[4032, 4276];[3651, 4522];[2940, 10509];*
4096;[4032, 4276];[3651, 4522];[2940, 10509];*
4098;[4032, 4276];[3651, 4522];[2940, 10509];*
4099;[4032, 4276];[3651, 4522];[2940, 10509];*
4100;[4032, 4276];[3651, 4522];[2940, 10509];*
4102;[4032, 4276];[3651, 4522];[2940, 10509];*
4103;[4032, 4276];[3651, 4522];[2940, 10509];*
4104;[4032, 4276];[3651, 4522];[2940, 10509];*
4105;[4032, 4276];[3651, 4522];[2940, 10509];*
4106;[4032, 4276];[3651, 4522];[2940, 10509];*
4107;[4032, 4276];[3651, 4522];[2940, 10509];*
4109;[4032, 4276];[3651, 4522];[2940, 10509];*
4110;[4032, 4276];[3651, 4522];[2940, 10509];*
4111;[4032, 4276];[3651, 4522];[2940, 10509];*
4112;[4032, 4276];[3651, 4522];[2940, 10509];*
4116;[4032, 4276];[3651, 4522];[2940, 10509];*
4117;[4032, 4276];[3651, 4522];[2940, 10509];*
4120;[4032, 4276];[3651, 4522];[2940, 10509];*
4121;[4032, 4276];[3651, 4522];[2940, 10509];*
4122;[4032, 4276];[3651, 4522];[2940, 10509];*
4123;[4032, 4276];[3651, 4522];[2940, 10509];*
4125;[4032, 4276];[3651, 4522];[2940, 10509];*
4128;[4032, 4276];[3651, 4522];[2940, 10509];*
4129;[4032, 4276];[3651, 4522];[2940, 10509];*
4132;[4032, 4276];[3651, 4522];[2940, 10509];*
4133;[4032, 4276];[3651, 4522];[2940, 10509];*
4134;[4032, 4276];[3651, 4522];[2940, 10509];*
4135;[4032, 4276];[3651, 4522];[2940, 10509];*
4137;[4032, 4276];[3651, 4522];[2940, 10509];*
4138;[4032, 4276];[3651, 4522];[2940, 10509];*
4140;[4032, 4276];[3651, 4522];[2940, 10509];*
4142;[4032, 4276];[3651, 4522];[2940, 10509];*
4143;[4032, 4276];[3651, 4522];[2940, 10509];*
4144;[4032, 4276];[3651, 4522];[2940, 10509];*
4146;[4032, 4276];[3651, 4522];[2940, 10509];*
4147;[4032, 4276];[3651, 4522];[2940, 10509];*
4148;[4032, 4276];[3651, 4522];[2940, 10509];*
4150;[4032, 4276];[3651, 4522];[2940, 10509];*
4151;[4032, 4276];[3651, 4522];[2940, 10509];*
4152;[4032, 4276];[3651, 4522];[2940, 10509];*
4153;[4032, 4276];[3651, 4522];[2940, 10509];*
4154;[4032, 4276];[3651, 4522];[2940, 10509];*
4155;[4032, 4276];[3651, 4522];[2940, 10509];*
4158;[4032, 4276];[3651, 4522];[2940, 10509];*
4159;[4032, 4276];[3651, 4522];[2940, 10509];*
4163;[4032, 4276];[3651, 4522];[2940, 10509];*
4164;[4032, 4276];[3651, 4522];[2940, 10509];*
4166;[4032, 4276];[3651, 4522];[2940, 10509];*
4167;[4032, 4276];[3651, 4522];[2940, 10509];*
4168;[4032, 4276];[3651, 4522];[2940, 10509];*
4172;[4032, 4276];[3651, 4522];[2940, 10509];*
4173;[4032, 4276];[3651, 4522];[2940, 10509];*
4175;[4032, 4276];[3651, 4522];[2940, 10509];*
4176;[4032, 4276];[3651, 4522];[2940, 10509];*
4181;[4032, 4276];[3651, 4522];[2940, 10509];*
4182;[4032, 4276];[3651, 4522];[2940, 10509];*
4184;[4032, 4276];[3651, 4522];[2940, 10509];*
4185;[4032, 4276];[3651, 4522];[2940, 10509];*
4187;[4032, 4276];[3651, 4522];[2940, 10509];*
4189;[4032, 4276];[3651, 4522];[2940, 10509];*
4193;[4032, 4276];[3651, 4522];[2940, 10509];*
4196;[4032, 4276];[3651, 4522];[2940, 10509];*
4197;[4032, 4276];[3651, 4522];[2940, 10509];*
4198;[4032, 4276];[3651, 4522];[2940, 10509];*
4199;[4032, 4276];[3651, 4522];[2940, 10509];*
4200;[4032, 4276];[3651, 4522];[2940, 10509];*
4204;[4032, 4276];[3651, 4522];[2940, 10509];*
4205;[4032, 4276];[3651, 4522];[2940, 10509];*
4206;[4032, 4276];[3651, 4522];[2940, 10509];*
4207;[4032, 4276];[3651, 4522];[2940, 10509];*
4209;[4032, 4276];[3651, 4522];[2940, 10509];*
4210;[4032, 4276];[3651, 4522];[2940, 10509];*
4211;[4032, 4276];[3651, 4522];[2940, 10509];*
4212;[4032, 4276];[3651, 4522];[2940, 10509];*
4213;[4032, 4276];[3651, 4522];[2940, 10509];*
4215;[4032, 4276];[3651, 4522];[2940, 10509];*
4216;[4032, 4276];[3651, 4522];[2940, 10509];*
4217;[4032, 4276];[3651, 4522];[2940, 10509];*
4218;[4032, 4276];[3651, 4522];[2940, 10509];*
4219;[4032, 4276];[3651, 4522];[2940, 10509];*
4220;[4032, 4276];[3651, 4522];[2940, 10509];*
4224;[4032, 4276];[3651, 4522];[2940, 10509];*
4228;[4032, 4276];[3651, 4522];[2940, 10509];*
4229;[4032, 4276];[3651, 4522];[2940, 10509];*
4230;[4032, 4276];[3651, 4522];[2940, 10509];*
4232;[4032, 4276];[3651, 4522];[2940, 10509];*
4233;[4032, 4276];[3651, 4522];[2940, 10509];*
4234;[4032, 4276];[3651, 4522];[2940, 10509];*
4236;[4032, 4276];[3651, 4522];[2940, 10509];*
4237;[4032, 4276];[3651, 4522];[2940, 10509];*
4240;[4032, 4276];[3651, 4522];[2940, 10509];*
4242;[4032, 4276];[3651, 4522];[2940, 10509];*
4243;[4032, 4276];[3651, 4522];[2940, 10509];*
4244;[4032, 4276];[3651, 4522];[2940, 10509];*
4245;[4032, 4276];[3651, 4522];[2940, 10509];*
4246;[4032, 4276];[3651, 4522];[2940, 10509];*
4247;[4032, 4276];[3651, 4522];[2940, 10509];*
4248;[4032, 4276];[3651, 4522];[2940, 10509];*
4249;[4032, 4276];[3651, 4522];[2940, 10509];*
4250;[4032, 4276];[3651, 4522];[2940, 10509];*
4252;[4032, 4276];[3651, 4522];[2940, 10509];*
4256;[4032, 4276];[3651, 4522];[2940, 10509];*
4258;[4032, 4276];[3651, 4522];[2940, 10509];*
4260;[4032, 4276];[3651, 4522];[2940, 10509];*
4261;[4032, 4276];[3651, 4522];[2940, 10509];*
4264;[4032, 4276];[3651, 4522];[2940, 10509];*
4265;[4032, 4276];[3651, 4522];[2940, 10509];*
4267;[4032, 4276];[3651, 4522];[2940, 10509];*
4269;[4032, 4276];[3651, 4522];[2940, 10509];*
4270;[4032, 4276];[3651, 4522];[2940, 10509];*
4272;[4032, 4276];[3651, 4522];[2940, 10509];*
4273;[4032, 4276];[3651, 4522];[2940, 10509];*
4274;[4032, 4276];[3651, 4522];[2940, 10509];*
4275;[4032, 4276];[3651, 4522];[2940, 10509];*
4276;[4032, 4276];[3651, 4522];[2940, 10509];*
4277;[4277, 4522];[3651, 4522];[2940, 10509];*
4278;[4277, 4522];[3651, 4522];[2940, 10509];*
4279;[4277, 4522];[3651, 4522];[2940, 10509];*
4280;[4277, 4522];[3651, 4522];[2940, 10509];*
4281;[4277, 4522];[3651, 4522];[2940, 10509];*
4282;[4277, 4522];[3651, 4522];[2940, 10509];*
4283;[4277, 4522];[3651, 4522];[2940, 10509];*
4285;[4277, 4522];[3651, 4522];[2940, 10509];*
4286;[4277, 4522];[3651, 4522];[2940, 10509];*
4287;[4277, 4522];[3651, 4522];[2940, 10509];*
4288;[4277, 4522];[3651, 4522];[2940, 10509];*
4289;[4277, 4522];[3651, 4522];[2940, 10509];*
4290;[4277, 4522];[3651, 4522];[2940, 10509];*
4293;[4277, 4522];[3651, 4522];[2940, 10509];*
4294;[4277, 4522];[3651, 4522];[2940, 10509];*
4295;[4277, 4522];[3651, 4522];[2940, 10509];*
4296;[4277, 4522];[3651, 4522];[2940, 10509];*
4299;[4277, 4522];[3651, 4522];[2940, 10509];*
4300;[4277, 4522];[3651, 4522];[2940, 10509];*
4301;[4277, 4522];[3651, 4522];[2940, 10509];*
4302;[4277, 4522];[3651, 4522];[2940, 10509];*
4305;[4277, 4522];[3651, 4522];[2940, 10509];*
4306;[4277, 4522];[3651, 4522];[2940, 10509];*
4308;[4277, 4522];[3651, 4522];[2940, 10509];*
4309;[4277, 4522];[3651, 4522];[2940, 10509];*
4311;[4277, 4522];[3651, 4522];[2940, 10509];*
4312;[4277, 4522];[3651, 4522];[2940, 10509];*
4313;[4277, 4522];[3651, 4522];[2940, 10509];*
4314;[4277, 4522];[3651, 4522];[2940, 10509];*
4315;[4277, 4522];[3651, 4522];[2940, 10509];*
4316;[4277, 4522];[3651, 4522];[2940, 10509];*
4322;[4277, 4522];[3651, 4522];[2940, 10509];*
4326;[4277, 4522];[3651, 4522];[2940, 10509];*
4328;[4277, 4522];[3651, 4522];[2940, 10509];*
4329;[4277, 4522];[3651, 4522];[2940, 10509];*
4330;[4277, 4522];[3651, 4522];[2940, 10509];*
4331;[4277, 4522];[3651, 4522];[2940, 10509];*
4332;[4277, 4522];[3651, 4522];[2940, 10509];*
4333;[4277, 4522];[3651, 4522];[2940, 10509];*
4334;[4277, 4522];[3651, 4522];[2940, 10509];*
4335;[4277, 4522];[3651, 4522];[2940, 10509];*
4336;[4277, 4522];[3651, 4522];[2940, 10509];*
4338;[4277, 4522];[3651, 4522];[2940, 10509];*
4339;[4277, 4522];[3651, 4522];[2940, 10509];*
4341;[4277, 4522];[3651, 4522];[2940, 10509];*
4342;[4277, 4522];[3651, 4522];[2940, 10509];*
4345;[4277, 4522];[3651, 4522];[2940, 10509];*
4347;[4277, 4522];[3651, 4522];[2940, 10509];*
4351;[4277, 4522];[3651, 4522];[2940, 10509];*
4352;[4277, 4522];[3651, 4522];[2940, 10509];*
4353;[4277, 4522];[3651, 4522];[2940, 10509];*
4354;[4277, 4522];[3651, 4522];[2940, 10509];*
4355;[4277, 4522];[3651, 4522];[2940, 10509];*
4356;[4277, 4522];[3651, 4522];[2940, 10509];*
4358;[4277, 4522];[3651, 4522];[2940, 10509];*
4360;[4277, 4522];[3651, 4522];[2940, 10509];*
4362;[4277, 4522];[3651, 4522];[2940, 10509];*
4363;[4277, 4522];[3651, 4522];[2940, 10509];*
4364;[4277, 4522];[3651, 4522];[2940, 10509];*
4367;[4277, 4522];[3651, 4522];[2940, 10509];*
4370;[4277, 4522];[3651, 4522];[2940, 10509];*
4371;[4277, 4522];[3651, 4522];[2940, 10509];*
4372;[4277, 4522];[3651, 4522];[2940, 10509];*
4373;[4277, 4522];[3651, 4522];[2940, 10509];*
4375;[4277, 4522];[3651, 4522];[2940, 10509];*
4377;[4277, 4522];[3651, 4522];[2940, 10509];*
4378;[4277, 4522];[3651, 4522];[2940, 10509];*
4379;[4277, 4522];[3651, 4522];[2940, 10509];*
4380;[4277, 4522];[3651, 4522];[2940, 10509];*
4381;[4277, 4522];[3651, 4522];[2940, 10509];*
4384;[4277, 4522];[3651, 4522];[2940, 10509];*
4385;[4277, 4522];[3651, 4522];[2940, 10509];*
4387;[4277, 4522];[3651, 4522];[2940, 10509];*
4388;[4277, 4522];[3651, 4522];[2940, 10509];*
4389;[4277, 4522];[3651, 4522];[2940, 10509];*
4391;[4277, 4522];[3651, 4522];[2940, 10509];*
4394;[4277, 4522];[3651, 4522];[2940, 10509];*
4395;[4277, 4522];[3651, 4522];[2940, 10509];*
4397;[4277, 4522];[3651, 4522];[2940, 10509];*
4398;[4277, 4522];[3651, 4522];[2940, 10509];*
4402;[4277, 4522];[3651, 4522];[2940, 10509];*
4403;[4277, 4522];[3651, 4522];[2940, 10509];*
4404;[4277, 4522];[3651, 4522];[2940, 10509];*
4406;[4277, 4522];[3651, 4522];[2940, 10509];*
4408;[4277, 4522];[3651, 4522];[2940, 10509];*
4410;[4277, 4522];[3651, 4522];[2940, 10509];*
4411;[4277, 4522];[3651, 4522];[2940, 10509];*
4415;[4277, 4522];[3651, 4522];[2940, 10509];*
4417;[4277, 4522];[3651, 4522];[2940, 10509];*
4420;[4277, 4522];[3651, 4522];[2940, 10509];*
4421;[4277, 4522];[3651, 4522];[2940, 10509];*
4424;[4277, 4522];[3651, 4522];[2940, 10509];*
4425;[4277, 4522];[3651, 4522];[2940, 10509];*
4428;[4277, 4522];[3651, 4522];[2940, 10509];*
4429;[4277, 4522];[3651, 4522];[2940, 10509];*
4430;[4277, 4522];[3651, 4522];[2940, 10509];*
4432;[4277, 4522];[3651, 4522];[2940, 10509];*
4434;[4277, 4522];[3651, 4522];[2940, 10509];*
4435;[4277, 4522];[3651, 4522];[2940, 10509];*
4436;[4277, 4522];[3651, 4522];[2940, 10509];*
4439;[4277, 4522];[3651, 4522];[2940, 10509];*
4440;[4277, 4522];[3651, 4522];[2940, 10509];*
4441;[4277, 4522];[3651, 4522];[2940, 10509];*
4442;[4277, 4522];[3651, 4522];[2940, 10509];*
4443;[4277, 4522];[3651, 4522];[2940, 10509];*
4444;[4277, 4522];[3651, 4522];[2940, 10509];*
4445;[4277, 4522];[3651, 4522];[2940, 10509];*
4446;[4277, 4522];[3651, 4522];[2940, 10509];*
4450;[4277, 4522];[3651, 4522];[2940, 10509];*
4451;[4277, 4522];[3651, 4522];[2940, 10509];*
4452;[4277, 4522];[3651, 4522];[2940, 10509];*
4454;[4277, 4522];[3651, 4522];[2940, 10509];*
4455;[4277, 4522];[3651, 4522];[2940, 10509];*
4458;[4277, 4522];[3651, 4522];[2940, 10509];*
4461;[4277, 4522];[3651, 4522];[2940, 10509];*
4464;[4277, 4522];[3651, 4522];[2940, 10509];*
4465;[4277, 4522];[3651, 4522];[2940, 10509];*
4466;[4277, 4522];[3651, 4522];[2940, 10509];*
4468;[4277, 4522];[3651, 4522];[2940, 10509];*
4469;[4277, 4522];[3651, 4522];[2940, 10509];*
4470;[4277, 4522];[3651, 4522];[2940, 10509];*
4474;[4277, 4522];[3651, 4522];[2940, 10509];*
4475;[4277, 4522];[3651, 4522];[2940, 10509];*
4476;[4277, 4522];[3651, 4522];[2940, 10509];*
4477;[4277, 4522];[3651, 4522];[2940, 10509];*
4478;[4277, 4522];[3651, 4522];[2940, 10509];*
4479;[4277, 4522];[3651, 4522];[2940, 10509];*
4483;[4277, 4522];[3651, 4522];[2940, 10509];*
4484;[4277, 4522];[3651, 4522];[2940, 10509];*
4489;[4277, 4522];[3651, 4522];[2940, 10509];*
4490;[4277, 4522];[3651, 4522];[2940, 10509];*
4493;[4277, 4522];[3651, 4522];[2940, 10509];*
4495;[4277, 4522];[3651, 4522];[2940, 10509];*
4496;[4277, 4522];[3651, 4522];[2940, 10509];*
4497;[4277, 4522];[3651, 4522];[2940, 10509];*
4499;[4277, 4522];[3651, 4522];[2940, 10509];*
4501;[4277, 4522];[3651, 4522];[2940, 10509];*
4502;[4277, 4522];[3651, 4522];[2940, 10509];*
4503;[4277, 4522];[3651, 4522];[2940, 10509];*
4506;[4277, 4522];[3651, 4522];[2940, 10509];*
4507;[4277, 4522];[3651, 4522];[2940, 10509];*
4508;[4277, 4522];[3651, 4522];[2940, 10509];*
4509;[4277, 4522];[3651, 4522];[2940, 10509];*
4511;[4277, 4522];[3651, 4522];[2940, 10509];*
4512;[4277, 4522];[3651, 4522];[2940, 10509];*
4513;[4277, 4522];[3651, 4522];[2940, 10509];*
4514;[4277, 4522];[3651, 4522];[2940, 10509];*
4515;[4277, 4522];[3651, 4522];[2940, 10509];*
4516;[4277, 4522];[3651, 4522];[2940, 10509];*
4518;[4277, 4522];[3651, 4522];[2940, 10509];*
4520;[4277, 4522];[3651, 4522];[2940, 10509];*
4521;[4277, 4522];[3651, 4522];[2940, 10509];*
4522;[4277, 4522];[3651, 4522];[2940, 10509];*
4523;[4523, 4816];[4523, 10509];[2940, 10509];*
4524;[4523, 4816];[4523, 10509];[2940, 10509];*
4525;[4523, 4816];[4523, 10509];[2940, 10509];*
4526;[4523, 4816];[4523, 10509];[2940, 10509];*
4528;[4523, 4816];[4523, 10509];[2940, 10509];*
4529;[4523, 4816];[4523, 10509];[2940, 10509];*
4530;[4523, 4816];[4523, 10509];[2940, 10509];*
4531;[4523, 4816];[4523, 10509];[2940, 10509];*
4533;[4523, 4816];[4523, 10509];[2940, 10509];*
4535;[4523, 4816];[4523, 10509];[2940, 10509];*
4537;[4523, 4816];[4523, 10509];[2940, 10509];*
4538;[4523, 4816];[4523, 10509];[2940, 10509];*
4540;[4523, 4816];[4523, 10509];[2940, 10509];*
4541;[4523, 4816];[4523, 10509];[2940, 10509];*
4542;[4523, 4816];[4523, 10509];[2940, 10509];*
4544;[4523, 4816];[4523, 10509];[2940, 10509];*
4548;[4523, 4816];[4523, 10509];[2940, 10509];*
4551;[4523, 4816];[4523, 10509];[2940, 10509];*
4552;[4523, 4816];[4523, 10509];[2940, 10509];*
4554;[4523, 4816];[4523, 10509];[2940, 10509];*
4556;[4523, 4816];[4523, 10509];[2940, 10509];*
4559;[4523, 4816];[4523, 10509];[2940, 10509];*
4563;[4523, 4816];[4523, 10509];[2940, 10509];*
4567;[4523, 4816];[4523, 10509];[2940, 10509];*
4569;[4523, 4816];[4523, 10509];[2940, 10509];*
4570;[4523, 4816];[4523, 10509];[2940, 10509];*
4571;[4523, 4816];[4523, 10509];[2940, 10509];*
4573;[4523, 4816];[4523, 10509];[2940, 10509];*
4574;[4523, 4816];[4523, 10509];[2940, 10509];*
4575;[4523, 4816];[4523, 10509];[2940, 10509];*
4576;[4523, 4816];[4523, 10509];[2940, 10509];*
4577;[4523, 4816];[4523, 10509];[2940, 10509];*
4578;[4523, 4816];[4523, 10509];[2940, 10509];*
4579;[4523, 4816];[4523, 10509];[2940, 10509];*
4580;[4523, 4816];[4523, 10509];[2940, 10509];*
4581;[4523, 4816];[4523, 10509];[2940, 10509];*
4586;[4523, 4816];[4523, 10509];[2940, 10509];*
4587;[4523, 4816];[4523, 10509];[2940, 10509];*
4589;[4523, 4816];[4523, 10509];[2940, 10509];*
4593;[4523, 4816];[4523, 10509];[2940, 10509];*
4596;[4523, 4816];[4523, 10509];[2940, 10509];*
4599;[4523, 4816];[4523, 10509];[2940, 10509];*
4600;[4523, 4816];[4523, 10509];[2940, 10509];*
4601;[4523, 4816];[4523, 10509];[2940, 10509];*
4602;[4523, 4816];[4523, 10509];[2940, 10509];*
4603;[4523, 4816];[4523, 10509];[2940, 10509];*
4605;[4523, 4816];[4523, 10509];[2940, 10509];*
4606;[4523, 4816];[4523, 10509];[2940, 10509];*
4607;[4523, 4816];[4523, 10509];[2940, 10509];*
4611;[4523, 4816];[4523, 10509];[2940, 10509];*
4614;[4523, 4816];[4523, 10509];[2940, 10509];*
4615;[4523, 4816];[4523, 10509];[2940, 10509];*
4616;[4523, 4816];[4523, 10509];[2940, 10509];*
4617;[4523, 4816];[4523, 10509];[2940, 10509];*
4621;[4523, 4816];[4523, 10509];[2940, 10509];*
4625;[4523, 4816];[4523, 10509];[2940, 10509];*
4626;[4523, 4816];[4523, 10509];[2940, 10509];*
4627;[4523, 4816];[4523, 10509];[2940, 10509];*
4629;[4523, 4816];[4523, 10509];[2940, 10509];*
4630;[4523, 4816];[4523, 10509];[2940, 10509];*
4631;[4523, 4816];[4523, 10509];[2940, 10509];*
4635;[4523, 4816];[4523, 10509];[2940, 10509];*
4636;[4523, 4816];[4523, 10509];[2940, 10509];*
4637;[4523, 4816];[4523, 10509];[2940, 10509];*
4642;[4523, 4816];[4523, 10509];[2940, 10509];*
4644;[4523, 4816];[4523, 10509];[2940, 10509];*
4645;[4523, 4816];[4523, 10509];[2940, 10509];*
4647;[4523, 4816];[4523, 10509];[2940, 10509];*
4648;[4523, 4816];[4523, 10509];[2940, 10509];*
4650;[4523, 4816];[4523, 10509];[2940, 10509];*
4652;[4523, 4816];[4523, 10509];[2940, 10509];*
4653;[4523, 4816];[4523, 10509];[2940, 10509];*
4654;[4523, 4816];[4523, 10509];[2940, 10509];*
4655;[4523, 4816];[4523, 10509];[2940, 10509];*
4656;[4523, 4816];[4523, 10509];[2940, 10509];*
4658;[4523, 4816];[4523, 10509];[2940, 10509];*
4663;[4523, 4816];[4523, 10509];[2940, 10509];*
4670;[4523, 4816];[4523, 10509];[2940, 10509];*
4672;[4523, 4816];[4523, 10509];[2940, 10509];*
4674;[4523, 4816];[4523, 10509];[2940, 10509];*
4677;[4523, 4816];[4523, 10509];[2940, 10509];*
4678;[4523, 4816];[4523, 10509];[2940, 10509];*
4680;[4523, 4816];[4523, 10509];[2940, 10509];*
4685;[4523, 4816];[4523, 10509];[2940, 10509];*
4686;[4523, 4816];[4523, 10509];[2940, 10509];*
4687;[4523, 4816];[4523, 10509];[2940, 10509];*
4688;[4523, 4816];[4523, 10509];[2940, 10509];*
4691;[4523, 4816];[4523, 10509];[2940, 10509];*
4693;[4523, 4816];[4523, 10509];[2940, 10509];*
4695;[4523, 4816];[4523, 10509];[2940, 10509];*
4697;[4523, 4816];[4523, 10509];[2940, 10509];*
4698;[4523, 4816];[4523, 10509];[2940, 10509];*
4699;[4523, 4816];[4523, 10509];[2940, 10509];*
4702;[4523, 4816];[4523, 10509];[2940, 10509];*
4705;[4523, 4816];[4523, 10509];[2940, 10509];*
4706;[4523, 4816];[4523, 10509];[2940, 10509];*
4708;[4523, 4816];[4523, 10509];[2940, 10509];*
4709;[4523, 4816];[4523, 10509];[2940, 10509];*
4711;[4523, 4816];[4523, 10509];[2940, 10509];*
4712;[4523, 4816];[4523, 10509];[2940, 10509];*
4714;[4523, 4816];[4523, 10509];[2940, 10509];*
4718;[4523, 4816];[4523, 10509];[2940, 10509];*
4719;[4523, 4816];[4523, 10509];[2940, 10509];*
4722;[4523, 4816];[4523, 10509];[2940, 10509];*
4723;[4523, 4816];[4523, 10509];[2940, 10509];*
4724;[4523, 4816];[4523, 10509];[2940, 10509];*
4726;[4523, 4816];[4523, 10509];[2940, 10509];*
4727;[4523, 4816];[4523, 10509];[2940, 10509];*
4729;[4523, 4816];[4523, 10509];[2940, 10509];*
4730;[4523, 4816];[4523, 10509];[2940, 10509];*
4732;[4523, 4816];[4523, 10509];[2940, 10509];*
4733;[4523, 4816];[4523, 10509];[2940, 10509];*
4736;[4523, 4816];[4523, 10509];[2940, 10509];*
4737;[4523, 4816];[4523, 10509];[2940, 10509];*
4738;[4523, 4816];[4523, 10509];[2940, 10509];*
4742;[4523, 4816];[4523, 10509];[2940, 10509];*
4743;[4523, 4816];[4523, 10509];[2940, 10509];*
4744;[4523, 4816];[4523, 10509];[2940, 10509];*
4745;[4523, 4816];[4523, 10509];[2940, 10509];*
4746;[4523, 4816];[4523, 10509];[2940, 10509];*
4752;[4523, 4816];[4523, 10509];[2940, 10509];*
4754;[4523, 4816];[4523, 10509];[2940, 10509];*
4758;[4523, 4816];[4523, 10509];[2940, 10509];*
4759;[4523, 4816];[4523, 10509];[2940, 10509];*
4764;[4523, 4816];[4523, 10509];[2940, 10509];*
4765;[4523, 4816];[4523, 10509];[2940, 10509];*
4769;[4523, 4816];[4523, 10509];[2940, 10509];*
4770;[4523, 4816];[4523, 10509];[2940, 10509];*
4773;[4523, 4816];[4523, 10509];[2940, 10509];*
4774;[4523, 4816];[4523, 10509];[2940, 10509];*
4775;[4523, 4816];[4523, 10509];[2940, 10509];*
4776;[4523, 4816];[4523, 10509];[2940, 10509];*
4779;[4523, 4816];[4523, 10509];[2940, 10509];*
4780;[4523, 4816];[4523, 10509];[2940, 10509];*
4783;[4523, 4816];[4523, 10509];[2940, 10509];*
4784;[4523, 4816];[4523, 10509];[2940, 10509];*
4786;[4523, 4816];[4523, 10509];[2940, 10509];*
4787;[4523, 4816];[4523, 10509];[2940, 10509];*
4789;[4523, 4816];[4523, 10509];[2940, 10509];*
4790;[4523, 4816];[4523, 10509];[2940, 10509];*
4791;[4523, 4816];[4523, 10509];[2940, 10509];*
4792;[4523, 4816];[4523, 10509];[2940, 10509];*
4793;[4523, 4816];[4523, 10509];[2940, 10509];*
4795;[4523, 4816];[4523, 10509];[2940, 10509];*
4797;[4523, 4816];[4523, 10509];[2940, 10509];*
4798;[4523, 4816];[4523, 10509];[2940, 10509];*
4799;[4523, 4816];[4523, 10509];[2940, 10509];*
4800;[4523, 4816];[4523, 10509];[2940, 10509];*
4804;[4523, 4816];[4523, 10509];[2940, 10509];*
4806;[4523, 4816];[4523, 10509];[2940, 10509];*
4808;[4523, 4816];[4523, 10509];[2940, 10509];*
4816;[4523, 4816];[4523, 10509];[2940, 10509];*
4818;[4818, 5201];[4523, 10509];[2940, 10509];*
4822;[4818, 5201];[4523, 10509];[2940, 10509];*
4823;[4818, 5201];[4523, 10509];[2940, 10509];*
4824;[4818, 5201];[4523, 10509];[2940, 10509];*
4827;[4818, 5201];[4523, 10509];[2940, 10509];*
4829;[4818, 5201];[4523, 10509];[2940, 10509];*
4830;[4818, 5201];[4523, 10509];[2940, 10509];*
4831;[4818, 5201];[4523, 10509];[2940, 10509];*
4832;[4818, 5201];[4523, 10509];[2940, 10509];*
4833;[4818, 5201];[4523, 10509];[2940, 10509];*
4834;[4818, 5201];[4523, 10509];[2940, 10509];*
4835;[4818, 5201];[4523, 10509];[2940, 10509];*
4836;[4818, 5201];[4523, 10509];[2940, 10509];*
4837;[4818, 5201];[4523, 10509];[2940, 10509];*
4839;[4818, 5201];[4523, 10509];[2940, 10509];*
4840;[4818, 5201];[4523, 10509];[2940, 10509];*
4842;[4818, 5201];[4523, 10509];[2940, 10509];*
4843;[4818, 5201];[4523, 10509];[2940, 10509];*
4844;[4818, 5201];[4523, 10509];[2940, 10509];*
4845;[4818, 5201];[4523, 10509];[2940, 10509];*
4847;[4818, 5201];[4523, 10509];[2940, 10509];*
4850;[4818, 5201];[4523, 10509];[2940, 10509];*
4852;[4818, 5201];[4523, 10509];[2940, 10509];*
4855;[4818, 5201];[4523, 10509];[2940, 10509];*
4858;[4818, 5201];[4523, 10509];[2940, 10509];*
4864;[4818, 5201];[4523, 10509];[2940, 10509];*
4865;[4818, 5201];[4523, 10509];[2940, 10509];*
4866;[4818, 5201];[4523, 10509];[2940, 10509];*
4869;[4818, 5201];[4523, 10509];[2940, 10509];*
4871;[4818, 5201];[4523, 10509];[2940, 10509];*
4874;[4818, 5201];[4523, 10509];[2940, 10509];*
4877;[4818, 5201];[4523, 10509];[2940, 10509];*
4878;[4818, 5201];[4523, 10509];[2940, 10509];*
4881;[4818, 5201];[4523, 10509];[2940, 10509];*
4884;[4818, 5201];[4523, 10509];[2940, 10509];*
4889;[4818, 5201];[4523, 10509];[2940, 10509];*
4890;[4818, 5201];[4523, 10509];[2940, 10509];*
4895;[4818, 5201];[4523, 10509];[2940, 10509];*
4897;[4818, 5201];[4523, 10509];[2940, 10509];*
4901;[4818, 5201];[4523, 10509];[2940, 10509];*
4902;[4818, 5201];[4523, 10509];[2940, 10509];*
4906;[4818, 5201];[4523, 10509];[2940, 10509];*
4908;[4818, 5201];[4523, 10509];[2940, 10509];*
4909;[4818, 5201];[4523, 10509];[2940, 10509];*
4910;[4818, 5201];[4523, 10509];[2940, 10509];*
4912;[4818, 5201];[4523, 10509];[2940, 10509];*
4916;[4818, 5201];[4523, 10509];[2940, 10509];*
4922;[4818, 5201];[4523, 10509];[2940, 10509];*
4924;[4818, 5201];[4523, 10509];[2940, 10509];*
4925;[4818, 5201];[4523, 10509];[2940, 10509];*
4926;[4818, 5201];[4523, 10509];[2940, 10509];*
4927;[4818, 5201];[4523, 10509];[2940, 10509];*
4928;[4818, 5201];[4523, 10509];[2940, 10509];*
4929;[4818, 5201];[4523, 10509];[2940, 10509];*
4934;[4818, 5201];[4523, 10509];[2940, 10509];*
4937;[4818, 5201];[4523, 10509];[2940, 10509];*
4938;[4818, 5201];[4523, 10509];[2940, 10509];*
4939;[4818, 5201];[4523, 10509];[2940, 10509];*
4940;[4818, 5201];[4523, 10509];[2940, 10509];*
4942;[4818, 5201];[4523, 10509];[2940, 10509];*
4951;[4818, 5201];[4523, 10509];[2940, 10509];*
4953;[4818, 5201];[4523, 10509];[2940, 10509];*
4958;[4818, 5201];[4523, 10509];[2940, 10509];*
4959;[4818, 5201];[4523, 10509];[2940, 10509];*
4961;[4818, 5201];[4523, 10509];[2940, 10509];*
4963;[4818, 5201];[4523, 10509];[2940, 10509];*
4968;[4818, 5201];[4523, 10509];[2940, 10509];*
4969;[4818, 5201];[4523, 10509];[2940, 10509];*
4972;[4818, 5201];[4523, 10509];[2940, 10509];*
4979;[4818, 5201];[4523, 10509];[2940, 10509];*
4981;[4818, 5201];[4523, 10509];[2940, 10509];*
4983;[4818, 5201];[4523, 10509];[2940, 10509];*
4985;[4818, 5201];[4523, 10509];[2940, 10509];*
4988;[4818, 5201];[4523, 10509];[2940, 10509];*
4991;[4818, 5201];[4523, 10509];[2940, 10509];*
4996;[4818, 5201];[4523, 10509];[2940, 10509];*
4997;[4818, 5201];[4523, 10509];[2940, 10509];*
4998;[4818, 5201];[4523, 10509];[2940, 10509];*
5001;[4818, 5201];[4523, 10509];[2940, 10509];*
5005;[4818, 5201];[4523, 10509];[2940, 10509];*
5010;[4818, 5201];[4523, 10509];[2940, 10509];*
5017;[4818, 5201];[4523, 10509];[2940, 10509];*
5020;[4818, 5201];[4523, 10509];[2940, 10509];*
5021;[4818, 5201];[4523, 10509];[2940, 10509];*
5023;[4818, 5201];[4523, 10509];[2940, 10509];*
5026;[4818, 5201];[4523, 10509];[2940, 10509];*
5029;[4818, 5201];[4523, 10509];[2940, 10509];*
5030;[4818, 5201];[4523, 10509];[2940, 10509];*
5031;[4818, 5201];[4523, 10509];[2940, 10509];*
5032;[4818, 5201];[4523, 10509];[2940, 10509];*
5033;[4818, 5201];[4523, 10509];[2940, 10509];*
5034;[4818, 5201];[4523, 10509];[2940, 10509];*
5035;[4818, 5201];[4523, 10509];[2940, 10509];*
5038;[4818, 5201];[4523, 10509];[2940, 10509];*
5042;[4818, 5201];[4523, 10509];[2940, 10509];*
5043;[4818, 5201];[4523, 10509];[2940, 10509];*
5044;[4818, 5201];[4523, 10509];[2940, 10509];*
5048;[4818, 5201];[4523, 10509];[2940, 10509];*
5050;[4818, 5201];[4523, 10509];[2940, 10509];*
5053;[4818, 5201];[4523, 10509];[2940, 10509];*
5056;[4818, 5201];[4523, 10509];[2940, 10509];*
5057;[4818, 5201];[4523, 10509];[2940, 10509];*
5059;[4818, 5201];[4523, 10509];[2940, 10509];*
5060;[4818, 5201];[4523, 10509];[2940, 10509];*
5061;[4818, 5201];[4523, 10509];[2940, 10509];*
5067;[4818, 5201];[4523, 10509];[2940, 10509];*
5072;[4818, 5201];[4523, 10509];[2940, 10509];*
5075;[4818, 5201];[4523, 10509];[2940, 10509];*
5076;[4818, 5201];[4523, 10509];[2940, 10509];*
5078;[4818, 5201];[4523, 10509];[2940, 10509];*
5084;[4818, 5201];[4523, 10509];[2940, 10509];*
5085;[4818, 5201];[4523, 10509];[2940, 10509];*
5086;[4818, 5201];[4523, 10509];[2940, 10509];*
5093;[4818, 5201];[4523, 10509];[2940, 10509];*
5095;[4818, 5201];[4523, 10509];[2940, 10509];*
5096;[4818, 5201];[4523, 10509];[2940, 10509];*
5097;[4818, 5201];[4523, 10509];[2940, 10509];*
5099;[4818, 5201];[4523, 10509];[2940, 10509];*
5101;[4818, 5201];[4523, 10509];[2940, 10509];*
5107;[4818, 5201];[4523, 10509];[2940, 10509];*
5110;[4818, 5201];[4523, 10509];[2940, 10509];*
5116;[4818, 5201];[4523, 10509];[2940, 10509];*
5119;[4818, 5201];[4523, 10509];[2940, 10509];*
5122;[4818, 5201];[4523, 10509];[2940, 10509];*
5125;[4818, 5201];[4523, 10509];[2940, 10509];*
5127;[4818, 5201];[4523, 10509];[2940, 10509];*
5128;[4818, 5201];[4523, 10509];[2940, 10509];*
5129;[4818, 5201];[4523, 10509];[2940, 10509];*
5132;[4818, 5201];[4523, 10509];[2940, 10509];*
5137;[4818, 5201];[4523, 10509];[2940, 10509];*
5138;[4818, 5201];[4523, 10509];[2940, 10509];*
5148;[4818, 5201];[4523, 10509];[2940, 10509];*
5149;[4818, 5201];[4523, 10509];[2940, 10509];*
5150;[4818, 5201];[4523, 10509];[2940, 10509];*
5151;[4818, 5201];[4523, 10509];[2940, 10509];*
5156;[4818, 5201];[4523, 10509];[2940, 10509];*
5164;[4818, 5201];[4523, 10509];[2940, 10509];*
5166;[4818, 5201];[4523, 10509];[2940, 10509];*
5167;[4818, 5201];[4523, 10509];[2940, 10509];*
5168;[4818, 5201];[4523, 10509];[2940, 10509];*
5175;[4818, 5201];[4523, 10509];[2940, 10509];*
5177;[4818, 5201];[4523, 10509];[2940, 10509];*
5178;[4818, 5201];[4523, 10509];[2940, 10509];*
5182;[4818, 5201];[4523, 10509];[2940, 10509];*
5183;[4818, 5201];[4523, 10509];[2940, 10509];*
5184;[4818, 5201];[4523, 10509];[2940, 10509];*
5187;[4818, 5201];[4523, 10509];[2940, 10509];*
5189;[4818, 5201];[4523, 10509];[2940, 10509];*
5190;[4818, 5201];[4523, 10509];[2940, 10509];*
5194;[4818, 5201];[4523, 10509];[2940, 10509];*
5199;[4818, 5201];[4523, 10509];[2940, 10509];*
5201;[4818, 5201];[4523, 10509];[2940, 10509];*
5202;[5202, 5809];[4523, 10509];[2940, 10509];*
5210;[5202, 5809];[4523, 10509];[2940, 10509];*
5211;[5202, 5809];[4523, 10509];[2940, 10509];*
5214;[5202, 5809];[4523, 10509];[2940, 10509];*
5215;[5202, 5809];[4523, 10509];[2940, 10509];*
5220;[5202, 5809];[4523, 10509];[2940, 10509];*
5224;[5202, 5809];[4523, 10509];[2940, 10509];*
5225;[5202, 5809];[4523, 10509];[2940, 10509];*
5227;[5202, 5809];[4523, 10509];[2940, 10509];*
5230;[5202, 5809];[4523, 10509];[2940, 10509];*
5232;[5202, 5809];[4523, 10509];[2940, 10509];*
5236;[5202, 5809];[4523, 10509];[2940, 10509];*
5238;[5202, 5809];[4523, 10509];[2940, 10509];*
5240;[5202, 5809];[4523, 10509];[2940, 10509];*
5241;[5202, 5809];[4523, 10509];[2940, 10509];*
5244;[5202, 5809];[4523, 10509];[2940, 10509];*
5245;[5202, 5809];[4523, 10509];[2940, 10509];*
5246;[5202, 5809];[4523, 10509];[2940, 10509];*
5247;[5202, 5809];[4523, 10509];[2940, 10509];*
5250;[5202, 5809];[4523, 10509];[2940, 10509];*
5251;[5202, 5809];[4523, 10509];[2940, 10509];*
5252;[5202, 5809];[4523, 10509];[2940, 10509];*
5255;[5202, 5809];[4523, 10509];[2940, 10509];*
5259;[5202, 5809];[4523, 10509];[2940, 10509];*
5260;[5202, 5809];[4523, 10509];[2940, 10509];*
5262;[5202, 5809];[4523, 10509];[2940, 10509];*
5266;[5202, 5809];[4523, 10509];[2940, 10509];*
5267;[5202, 5809];[4523, 10509];[2940, 10509];*
5268;[5202, 5809];[4523, 10509];[2940, 10509];*
5270;[5202, 5809];[4523, 10509];[2940, 10509];*
5274;[5202, 5809];[4523, 10509];[2940, 10509];*
5275;[5202, 5809];[4523, 10509];[2940, 10509];*
5278;[5202, 5809];[4523, 10509];[2940, 10509];*
5279;[5202, 5809];[4523, 10509];[2940, 10509];*
5281;[5202, 5809];[4523, 10509];[2940, 10509];*
5283;[5202, 5809];[4523, 10509];[2940, 10509];*
5284;[5202, 5809];[4523, 10509];[2940, 10509];*
5285;[5202, 5809];[4523, 10509];[2940, 10509];*
5288;[5202, 5809];[4523, 10509];[2940, 10509];*
5289;[5202, 5809];[4523, 10509];[2940, 10509];*
5294;[5202, 5809];[4523, 10509];[2940, 10509];*
5296;[5202, 5809];[4523, 10509];[2940, 10509];*
5297;[5202, 5809];[4523, 10509];[2940, 10509];*
5302;[5202, 5809];[4523, 10509];[2940, 10509];*
5303;[5202, 5809];[4523, 10509];[2940, 10509];*
5306;[5202, 5809];[4523, 10509];[2940, 10509];*
5312;[5202, 5809];[4523, 10509];[2940, 10509];*
5323;[5202, 5809];[4523, 10509];[2940, 10509];*
5325;[5202, 5809];[4523, 10509];[2940, 10509];*
5326;[5202, 5809];[4523, 10509];[2940, 10509];*
5327;[5202, 5809];[4523, 10509];[2940, 10509];*
5331;[5202, 5809];[4523, 10509];[2940, 10509];*
5333;[5202, 5809];[4523, 10509];[2940, 10509];*
5334;[5202, 5809];[4523, 10509];[2940, 10509];*
5335;[5202, 5809];[4523, 10509];[2940, 10509];*
5358;[5202, 5809];[4523, 10509];[2940, 10509];*
5362;[5202, 5809];[4523, 10509];[2940, 10509];*
5363;[5202, 5809];[4523, 10509];[2940, 10509];*
5369;[5202, 5809];[4523, 10509];[2940, 10509];*
5370;[5202, 5809];[4523, 10509];[2940, 10509];*
5375;[5202, 5809];[4523, 10509];[2940, 10509];*
5380;[5202, 5809];[4523, 10509];[2940, 10509];*
5383;[5202, 5809];[4523, 10509];[2940, 10509];*
5387;[5202, 5809];[4523, 10509];[2940, 10509];*
5389;[5202, 5809];[4523, 10509];[2940, 10509];*
5393;[5202, 5809];[4523, 10509];[2940, 10509];*
5394;[5202, 5809];[4523, 10509];[2940, 10509];*
5395;[5202, 5809];[4523, 10509];[2940, 10509];*
5396;[5202, 5809];[4523, 10509];[2940, 10509];*
5399;[5202, 5809];[4523, 10509];[2940, 10509];*
5408;[5202, 5809];[4523, 10509];[2940, 10509];*
5411;[5202, 5809];[4523, 10509];[2940, 10509];*
5426;[5202, 5809];[4523, 10509];[2940, 10509];*
5435;[5202, 5809];[4523, 10509];[2940, 10509];*
5445;[5202, 5809];[4523, 10509];[2940, 10509];*
5449;[5202, 5809];[4523, 10509];[2940, 10509];*
5450;[5202, 5809];[4523, 10509];[2940, 10509];*
5451;[5202, 5809];[4523, 10509];[2940, 10509];*
5456;[5202, 5809];[4523, 10509];[2940, 10509];*
5458;[5202, 5809];[4523, 10509];[2940, 10509];*
5463;[5202, 5809];[4523, 10509];[2940, 10509];*
5466;[5202, 5809];[4523, 10509];[2940, 10509];*
5475;[5202, 5809];[4523, 10509];[2940, 10509];*
5480;[5202, 5809];[4523, 10509];[2940, 10509];*
5482;[5202, 5809];[4523, 10509];[2940, 10509];*
5484;[5202, 5809];[4523, 10509];[2940, 10509];*
5489;[5202, 5809];[4523, 10509];[2940, 10509];*
5491;[5202, 5809];[4523, 10509];[2940, 10509];*
5494;[5202, 5809];[4523, 10509];[2940, 10509];*
5498;[5202, 5809];[4523, 10509];[2940, 10509];*
5511;[5202, 5809];[4523, 10509];[2940, 10509];*
5513;[5202, 5809];[4523, 10509];[2940, 10509];*
5516;[5202, 5809];[4523, 10509];[2940, 10509];*
5520;[5202, 5809];[4523, 10509];[2940, 10509];*
5524;[5202, 5809];[4523, 10509];[2940, 10509];*
5525;[5202, 5809];[4523, 10509];[2940, 10509];*
5529;[5202, 5809];[4523, 10509];[2940, 10509];*
5535;[5202, 5809];[4523, 10509];[2940, 10509];*
5539;[5202, 5809];[4523, 10509];[2940, 10509];*
5541;[5202, 5809];[4523, 10509];[2940, 10509];*
5543;[5202, 5809];[4523, 10509];[2940, 10509];*
5544;[5202, 5809];[4523, 10509];[2940, 10509];*
5546;[5202, 5809];[4523, 10509];[2940, 10509];*
5558;[5202, 5809];[4523, 10509];[2940, 10509];*
5560;[5202, 5809];[4523, 10509];[2940, 10509];*
5561;[5202, 5809];[4523, 10509];[2940, 10509];*
5564;[5202, 5809];[4523, 10509];[2940, 10509];*
5566;[5202, 5809];[4523, 10509];[2940, 10509];*
5568;[5202, 5809];[4523, 10509];[2940, 10509];*
5574;[5202, 5809];[4523, 10509];[2940, 10509];*
5581;[5202, 5809];[4523, 10509];[2940, 10509];*
5582;[5202, 5809];[4523, 10509];[2940, 10509];*
5592;[5202, 5809];[4523, 10509];[2940, 10509];*
5594;[5202, 5809];[4523, 10509];[2940, 10509];*
5595;[5202, 5809];[4523, 10509];[2940, 10509];*
5596;[5202, 5809];[4523, 10509];[2940, 10509];*
5606;[5202, 5809];[4523, 10509];[2940, 10509];*
5614;[5202, 5809];[4523, 10509];[2940, 10509];*
5620;[5202, 5809];[4523, 10509];[2940, 10509];*
5622;[5202, 5809];[4523, 10509];[2940, 10509];*
5629;[5202, 5809];[4523, 10509];[2940, 10509];*
5631;[5202, 5809];[4523, 10509];[2940, 10509];*
5635;[5202, 5809];[4523, 10509];[2940, 10509];*
5645;[5202, 5809];[4523, 10509];[2940, 10509];*
5646;[5202, 5809];[4523, 10509];[2940, 10509];*
5647;[5202, 5809];[4523, 10509];[2940, 10509];*
5669;[5202, 5809];[4523, 10509];[2940, 10509];*
5672;[5202, 5809];[4523, 10509];[2940, 10509];*
5681;[5202, 5809];[4523, 10509];[2940, 10509];*
5682;[5202, 5809];[4523, 10509];[2940, 10509];*
5691;[5202, 5809];[4523, 10509];[2940, 10509];*
5696;[5202, 5809];[4523, 10509];[2940, 10509];*
5698;[5202, 5809];[4523, 10509];[2940, 10509];*
5703;[5202, 5809];[4523, 10509];[2940, 10509];*
5707;[5202, 5809];[4523, 10509];[2940, 10509];*
5709;[5202, 5809];[4523, 10509];[2940, 10509];*
5713;[5202, 5809];[4523, 10509];[2940, 10509];*
5727;[5202, 5809];[4523, 10509];[2940, 10509];*
5746;[5202, 5809];[4523, 10509];[2940, 10509];*
5748;[5202, 5809];[4523, 10509];[2940, 10509];*
5754;[5202, 5809];[4523, 10509];[2940, 10509];*
5756;[5202, 5809];[4523, 10509];[2940, 10509];*
5757;[5202, 5809];[4523, 10509];[2940, 10509];*
5767;[5202, 5809];[4523, 10509];[2940, 10509];*
5770;[5202, 5809];[4523, 10509];[2940, 10509];*
5776;[5202, 5809];[4523, 10509];[2940, 10509];*
5780;[5202, 5809];[4523, 10509];[2940, 10509];*
5794;[5202, 5809];[4523, 10509];[2940, 10509];*
5798;[5202, 5809];[4523, 10509];[2940, 10509];*
5802;[5202, 5809];[4523, 10509];[2940, 10509];*
5803;[5202, 5809];[4523, 10509];[2940, 10509];*
5809;[5202, 5809];[4523, 10509];[2940, 10509];*
5813;[5813, 10509];[4523, 10509];[2940, 10509];*
5814;[5813, 10509];[4523, 10509];[2940, 10509];*
5828;[5813, 10509];[4523, 10509];[2940, 10509];*
5831;[5813, 10509];[4523, 10509];[2940, 10509];*
5833;[5813, 10509];[4523, 10509];[2940, 10509];*
5834;[5813, 10509];[4523, 10509];[2940, 10509];*
5845;[5813, 10509];[4523, 10509];[2940, 10509];*
5853;[5813, 10509];[4523, 10509];[2940, 10509];*
5855;[5813, 10509];[4523, 10509];[2940, 10509];*
5857;[5813, 10509];[4523, 10509];[2940, 10509];*
5859;[5813, 10509];[4523, 10509];[2940, 10509];*
5868;[5813, 10509];[4523, 10509];[2940, 10509];*
5869;[5813, 10509];[4523, 10509];[2940, 10509];*
5870;[5813, 10509];[4523, 10509];[2940, 10509];*
5877;[5813, 10509];[4523, 10509];[2940, 10509];*
5895;[5813, 10509];[4523, 10509];[2940, 10509];*
5907;[5813, 10509];[4523, 10509];[2940, 10509];*
5912;[5813, 10509];[4523, 10509];[2940, 10509];*
5927;[5813, 10509];[4523, 10509];[2940, 10509];*
5932;[5813, 10509];[4523, 10509];[2940, 10509];*
5937;[5813, 10509];[4523, 10509];[2940, 10509];*
5942;[5813, 10509];[4523, 10509];[2940, 10509];*
5943;[5813, 10509];[4523, 10509];[2940, 10509];*
5955;[5813, 10509];[4523, 10509];[2940, 10509];*
5985;[5813, 10509];[4523, 10509];[2940, 10509];*
5989;[5813, 10509];[4523, 10509];[2940, 10509];*
5996;[5813, 10509];[4523, 10509];[2940, 10509];*
5997;[5813, 10509];[4523, 10509];[2940, 10509];*
6000;[5813, 10509];[4523, 10509];[2940, 10509];*
6002;[5813, 10509];[4523, 10509];[2940, 10509];*
6005;[5813, 10509];[4523, 10509];[2940, 10509];*
6006;[5813, 10509];[4523, 10509];[2940, 10509];*
6008;[5813, 10509];[4523, 10509];[2940, 10509];*
6009;[5813, 10509];[4523, 10509];[2940, 10509];*
6013;[5813, 10509];[4523, 10509];[2940, 10509];*
6019;[5813, 10509];[4523, 10509];[2940, 10509];*
6026;[5813, 10509];[4523, 10509];[2940, 10509];*
6028;[5813, 10509];[4523, 10509];[2940, 10509];*
6031;[5813, 10509];[4523, 10509];[2940, 10509];*
6033;[5813, 10509];[4523, 10509];[2940, 10509];*
6055;[5813, 10509];[4523, 10509];[2940, 10509];*
6060;[5813, 10509];[4523, 10509];[2940, 10509];*
6072;[5813, 10509];[4523, 10509];[2940, 10509];*
6082;[5813, 10509];[4523, 10509];[2940, 10509];*
6087;[5813, 10509];[4523, 10509];[2940, 10509];*
6093;[5813, 10509];[4523, 10509];[2940, 10509];*
6100;[5813, 10509];[4523, 10509];[2940, 10509];*
6102;[5813, 10509];[4523, 10509];[2940, 10509];*
6103;[5813, 10509];[4523, 10509];[2940, 10509];*
6113;[5813, 10509];[4523, 10509];[2940, 10509];*
6126;[5813, 10509];[4523, 10509];[2940, 10509];*
6139;[5813, 10509];[4523, 10509];[2940, 10509];*
6140;[5813, 10509];[4523, 10509];[2940, 10509];*
6142;[5813, 10509];[4523, 10509];[2940, 10509];*
6162;[5813, 10509];[4523, 10509];[2940, 10509];*
6166;[5813, 10509];[4523, 10509];[2940, 10509];*
6171;[5813, 10509];[4523, 10509];[2940, 10509];*
6176;[5813, 10509];[4523, 10509];[2940, 10509];*
6180;[5813, 10509];[4523, 10509];[2940, 10509];*
6185;[5813, 10509];[4523, 10509];[2940, 10509];*
6219;[5813, 10509];[4523, 10509];[2940, 10509];*
6228;[5813, 10509];[4523, 10509];[2940, 10509];*
6235;[5813, 10509];[4523, 10509];[2940, 10509];*
6244;[5813, 10509];[4523, 10509];[2940, 10509];*
6245;[5813, 10509];[4523, 10509];[2940, 10509];*
6253;[5813, 10509];[4523, 10509];[2940, 10509];*
6262;[5813, 10509];[4523, 10509];[2940, 10509];*
6269;[5813, 10509];[4523, 10509];[2940, 10509];*
6283;[5813, 10509];[4523, 10509];[2940, 10509];*
6288;[5813, 10509];[4523, 10509];[2940, 10509];*
6289;[5813, 10509];[4523, 10509];[2940, 10509];*
6290;[5813, 10509];[4523, 10509];[2940, 10509];*
6295;[5813, 10509];[4523, 10509];[2940, 10509];*
6304;[5813, 10509];[4523, 10509];[2940, 10509];*
6315;[5813, 10509];[4523, 10509];[2940, 10509];*
6318;[5813, 10509];[4523, 10509];[2940, 10509];*
6342;[5813, 10509];[4523, 10509];[2940, 10509];*
6351;[5813, 10509];[4523, 10509];[2940, 10509];*
6360;[5813, 10509];[4523, 10509];[2940, 10509];*
6370;[5813, 10509];[4523, 10509];[2940, 10509];*
6375;[5813, 10509];[4523, 10509];[2940, 10509];*
6396;[5813, 10509];[4523, 10509];[2940, 10509];*
6399;[5813, 10509];[4523, 10509];[2940, 10509];*
6413;[5813, 10509];[4523, 10509];[2940, 10509];*
6431;[5813, 10509];[4523, 10509];[2940, 10509];*
6463;[5813, 10509];[4523, 10509];[2940, 10509];*
6466;[5813, 10509];[4523, 10509];[2940, 10509];*
6479;[5813, 10509];[4523, 10509];[2940, 10509];*
6484;[5813, 10509];[4523, 10509];[2940, 10509];*
6485;[5813, 10509];[4523, 10509];[2940, 10509];*
6488;[5813, 10509];[4523, 10509];[2940, 10509];*
6502;[5813, 10509];[4523, 10509];[2940, 10509];*
6512;[5813, 10509];[4523, 10509];[2940, 10509];*
6542;[5813, 10509];[4523, 10509];[2940, 10509];*
6546;[5813, 10509];[4523, 10509];[2940, 10509];*
6554;[5813, 10509];[4523, 10509];[2940, 10509];*
6570;[5813, 10509];[4523, 10509];[2940, 10509];*
6588;[5813, 10509];[4523, 10509];[2940, 10509];*
6594;[5813, 10509];[4523, 10509];[2940, 10509];*
6600;[5813, 10509];[4523, 10509];[2940, 10509];*
6615;[5813, 10509];[4523, 10509];[2940, 10509];*
6632;[5813, 10509];[4523, 10509];[2940, 10509];*
6650;[5813, 10509];[4523, 10509];[2940, 10509];*
6662;[5813, 10509];[4523, 10509];[2940, 10509];*
6669;[5813, 10509];[4523, 10509];[2940, 10509];*
6683;[5813, 10509];[4523, 10509];[2940, 10509];*
6685;[5813, 10509];[4523, 10509];[2940, 10509];*
6734;[5813, 10509];[4523, 10509];[2940, 10509];*
6735;[5813, 10509];[4523, 10509];[2940, 10509];*
6755;[5813, 10509];[4523, 10509];[2940, 10509];*
6786;[5813, 10509];[4523, 10509];[2940, 10509];*
6788;[5813, 10509];[4523, 10509];[2940, 10509];*
6798;[5813, 10509];[4523, 10509];[2940, 10509];*
6804;[5813, 10509];[4523, 10509];[2940, 10509];*
6820;[5813, 10509];[4523, 10509];[2940, 10509];*
6822;[5813, 10509];[4523, 10509];[2940, 10509];*
6846;[5813, 10509];[4523, 10509];[2940, 10509];*
6891;[5813, 10509];[4523, 10509];[2940, 10509];*
6902;[5813, 10509];[4523, 10509];[2940, 10509];*
6907;[5813, 10509];[4523, 10509];[2940, 10509];*
6909;[5813, 10509];[4523, 10509];[2940, 10509];*
6941;[5813, 10509];[4523, 10509];[2940, 10509];*
6947;[5813, 10509];[4523, 10509];[2940, 10509];*
6965;[5813, 10509];[4523, 10509];[2940, 10509];*
6995;[5813, 10509];[4523, 10509];[2940, 10509];*
7058;[5813, 10509];[4523, 10509];[2940, 10509];*
7117;[5813, 10509];[4523, 10509];[2940, 10509];*
7141;[5813, 10509];[4523, 10509];[2940, 10509];*
7185;[5813, 10509];[4523, 10509];[2940, 10509];*
7210;[5813, 10509];[4523, 10509];[2940, 10509];*
7331;[5813, 10509];[4523, 10509];[2940, 10509];*
7346;[5813, 10509];[4523, 10509];[2940, 10509];*
7377;[5813, 10509];[4523, 10509];[2940, 10509];*
7429;[5813, 10509];[4523, 10509];[2940, 10509];*
7438;[5813, 10509];[4523, 10509];[2940, 10509];*
7449;[5813, 10509];[4523, 10509];[2940, 10509];*
7511;[5813, 10509];[4523, 10509];[2940, 10509];*
7650;[5813, 10509];[4523, 10509];[2940, 10509];*
7682;[5813, 10509];[4523, 10509];[2940, 10509];*
7940;[5813, 10509];[4523, 10509];[2940, 10509];*
7947;[5813, 10509];[4523, 10509];[2940, 10509];*
7963;[5813, 10509];[4523, 10509];[2940, 10509];*
7991;[5813, 10509];[4523, 10509];[2940, 10509];*
8025;[5813, 10509];[4523, 10509];[2940, 10509];*
8033;[5813, 10509];[4523, 10509];[2940, 10509];*
8267;[5813, 10509];[4523, 10509];[2940, 10509];*
8274;[5813, 10509];[4523, 10509];[2940, 10509];*
8294;[5813, 10509];[4523, 10509];[2940, 10509];*
8411;[5813, 10509];[4523, 10509];[2940, 10509];*
9184;[5813, 10509];[4523, 10509];[2940, 10509];*
9423;[5813, 10509];[4523, 10509];[2940, 10509];*
9987;[5813, 10509];[4523, 10509];[2940, 10509];*
10509;[5813, 10509];[4523, 10509];[2940, 10509];*
